6 0 0 1 7 4 4 8 1 -1 6 6 9 5 -1 
7 9 9 7 8 5 7 0 7 0 9 4 0 3 3 8 6 9 0 -1 
7 4 -1 8 9 3 9 6 6 6 6 4 3 3 8 5 2 6 1 7 7 0 -1 
8 3 4 9 -1 9 6 7 9 0 7 2 1 3 4 5 6 -1 
1 1 2 4 8 0 2 8 1 3 7 7 5 0 8 0 7 9 9 6 -1 
6 9 8 8 2 9 4 2 -1 2 7 7 7 6 -1 
0 4 -1 8 5 9 4 9 7 3 5 3 6 7 2 2 -1 
5 6 0 8 3 8 8 3 1 9 5 3 1 -1 8 0 7 -1 1 1 6 4 -1 8 -1 
0 7 4 7 4 6 7 8 3 5 0 1 9 5 5 0 7 5 2 1 4 0 -1 
1 2 1 6 7 3 8 7 4 0 2 2 8 2 2 9 3 8 -1 
8 4 1 6 4 8 9 7 2 5 2 1 2 7 0 4 9 4 -1 
1 3 6 5 -1 5 8 6 2 -1 0 -1 7 4 3 4 7 4 5 0 -1 
8 1 1 4 -1 7 6 3 6 6 0 9 3 4 3 -1 
2 3 6 2 5 2 1 9 3 3 8 1 7 5 9 -1 
9 2 0 5 1 8 8 1 7 4 2 -1 2 0 4 1 7 -1 9 9 9 9 7 -1 -1 
