9 8 9 -1 1 7 7 9 3 2 2 7 6 4 -1 
5 9 3 5 6 1 6 3 5 1 9 3 1 -1 9 -1 1 8 4 -1 
5 6 3 4 3 2 4 8 -1 4 3 -1 7 0 9 3 3 5 0 3 1 7 -1 
9 2 0 5 9 7 3 7 0 0 3 0 -1 -1 0 2 5 -1 
9 9 1 8 5 1 0 7 9 4 2 6 8 0 8 5 8 4 5 2 -1 
7 2 8 4 9 0 1 9 3 7 9 5 0 2 -1 
4 2 9 1 8 8 9 0 2 3 5 7 0 2 3 0 -1 
4 5 5 2 2 6 4 4 2 -1 2 5 8 3 6 7 4 -1 2 -1 8 7 1 1 -1 
3 1 5 3 6 -1 2 3 0 1 5 9 -1 8 2 3 0 1 3 3 6 6 -1 
1 4 1 8 1 7 7 4 3 9 9 7 3 5 9 3 1 7 -1 
6 1 1 0 8 4 9 9 1 2 1 9 7 1 2 7 7 0 -1 
8 8 5 3 5 1 0 3 0 1 7 3 4 4 0 0 1 1 6 5 -1 
6 2 3 -1 2 4 9 1 4 8 4 7 5 3 7 -1 
1 1 7 -1 4 0 7 8 4 7 -1 0 6 6 5 -1 
4 6 7 2 7 1 2 9 8 5 0 4 4 3 6 7 2 3 2 9 4 0 1 5 -1 
