3 6 1 9 3 5 9 0 1 7 2 2 7 7 -1 
7 2 4 1 0 8 7 6 3 6 5 3 4 -1 9 -1 3 5 9 -1 
8 4 5 1 8 9 7 5 6 9 2 6 -1 6 9 9 5 6 0 -1 6 5 -1 
5 6 3 9 4 6 5 5 1 7 8 3 3 9 1 9 9 -1 
8 9 0 0 0 9 9 1 7 -1 8 6 2 5 2 5 1 1 7 7 -1 
6 4 2 9 9 4 -1 -1 6 3 4 7 -1 1 -1 
7 2 9 3 9 5 -1 2 0 4 2 8 7 1 6 -1 -1 
7 9 3 7 0 2 9 0 3 1 8 7 0 9 9 3 6 9 2 0 5 9 3 0 -1 
4 5 7 7 8 1 3 8 5 4 0 0 1 9 3 5 1 9 0 0 6 5 -1 
6 7 2 6 1 0 2 4 7 2 8 7 6 3 4 -1 5 1 -1 
7 9 6 -1 0 0 6 8 0 8 9 8 7 6 7 1 3 4 -1 
0 1 3 4 -1 3 2 2 6 5 4 4 5 1 3 1 6 2 3 6 -1 
8 3 1 4 6 1 5 1 9 2 5 5 8 1 9 -1 
3 4 3 -1 6 0 9 5 2 2 8 6 5 8 9 -1 
4 8 6 4 6 8 7 8 0 7 7 -1 9 4 0 6 8 1 4 5 3 3 5 8 -1 
