7 5 5 4 5 4 3 4 0 8 9 7 9 5 -1 
9 5 5 1 5 7 9 9 3 -1 7 6 0 2 7 5 5 8 2 -1 
4 9 1 2 9 9 -1 5 6 1 -1 7 6 6 0 6 6 5 4 8 9 -1 -1 
1 9 0 9 3 6 4 8 9 6 3 5 2 5 3 7 7 -1 
8 1 5 5 6 1 8 3 6 7 8 0 5 2 3 6 5 3 1 0 -1 
1 3 2 5 6 0 1 6 6 4 1 5 1 5 -1 
3 5 4 5 6 4 5 3 9 3 9 5 0 9 9 7 -1 
-1 8 -1 0 -1 6 7 9 8 2 8 2 7 4 2 6 0 1 9 0 3 7 5 8 -1 
5 5 2 0 6 6 9 3 -1 6 -1 6 0 1 1 1 2 1 7 1 4 0 -1 
0 6 9 1 3 -1 5 5 5 2 5 6 2 3 5 3 9 1 -1 
8 9 3 8 0 6 4 9 0 3 4 4 4 2 6 4 0 5 -1 
-1 7 4 3 2 5 4 0 8 6 2 4 6 3 3 3 7 8 9 8 -1 
7 7 3 -1 0 -1 9 6 3 2 7 9 2 7 8 -1 
2 3 5 7 9 5 9 3 8 5 2 8 8 1 4 -1 
4 9 0 3 6 1 3 4 1 7 6 6 8 2 0 -1 5 2 0 -1 9 2 5 2 -1 
