4 1 0 7 9 1 4 3 1 5 7 2 9 6 -1 
9 3 -1 9 5 4 7 8 0 5 8 1 9 4 8 6 7 9 6 -1 
2 4 9 8 9 0 7 5 3 0 6 6 9 9 2 7 6 3 7 9 3 7 -1 
9 1 3 2 1 5 5 5 2 7 -1 5 7 2 9 8 9 -1 
1 9 4 9 6 8 6 8 4 5 6 0 -1 2 5 9 5 5 0 6 -1 
0 5 9 4 2 6 5 9 2 4 7 3 -1 4 -1 
7 2 3 3 8 4 7 3 0 5 3 9 7 3 9 7 -1 
9 9 9 2 3 8 8 0 6 0 2 3 3 4 0 9 1 8 8 4 8 9 9 9 -1 
9 3 5 1 8 0 4 0 2 9 -1 2 2 7 5 -1 0 -1 3 7 3 2 -1 
-1 1 1 5 1 9 9 8 9 0 3 8 7 0 7 5 7 5 -1 
5 6 9 9 1 8 4 7 4 6 3 4 0 9 8 1 9 0 -1 
3 3 0 2 0 0 -1 9 1 2 4 -1 -1 7 4 9 5 9 2 7 -1 
5 2 9 1 2 6 4 4 8 2 8 3 3 8 -1 -1 
6 4 5 6 1 3 1 7 8 5 2 8 2 3 8 -1 
3 1 8 7 3 9 6 2 4 1 0 5 1 0 8 1 4 -1 8 7 9 -1 1 -1 -1 
