3 3 8 8 8 3 3 3 8 4 6 2 7 1 -1 
2 6 9 5 9 9 9 7 2 5 7 9 0 1 5 1 0 3 1 -1 
6 5 8 4 7 7 7 4 -1 0 7 1 5 2 8 0 4 6 0 7 4 2 -1 
4 2 9 4 -1 2 3 2 3 8 8 8 -1 5 9 9 8 -1 
9 5 9 1 0 2 6 5 1 8 0 5 0 3 8 5 5 0 9 9 -1 
6 5 1 6 0 6 7 9 3 0 2 0 -1 8 -1 
3 0 4 5 9 3 4 0 3 3 3 1 0 9 -1 4 -1 
7 7 2 6 5 9 -1 6 -1 5 7 7 0 0 0 9 0 -1 9 1 1 9 9 3 -1 
1 5 5 2 8 9 3 2 7 6 4 1 1 3 3 6 2 4 0 8 6 3 -1 
2 0 7 3 7 0 4 0 3 9 6 4 5 7 2 4 8 3 -1 
5 3 3 9 9 1 7 0 4 2 -1 4 9 6 4 6 2 8 -1 
6 3 -1 6 8 0 9 -1 3 1 2 7 6 4 6 4 6 0 9 9 -1 
1 2 4 8 0 8 5 8 3 1 3 5 0 1 6 -1 
-1 3 9 3 8 1 2 2 2 9 2 0 3 7 6 -1 
4 7 0 5 8 3 6 -1 6 1 1 -1 6 4 4 7 -1 6 1 -1 0 7 9 7 -1 
9 1 6 8 -1 -1 4 7 4 1 8 9 0 8 6 0 -1 
3 7 4 -1 5 3 4 4 1 0 6 7 9 3 3 9 9 8 2 4 -1 
4 3 4 7 1 2 9 2 8 9 2 1 1 2 6 5 -1 
0 7 9 -1 9 6 4 1 8 0 2 1 1 9 3 4 1 8 5 7 9 8 -1 
3 0 3 5 4 8 9 8 7 6 5 3 6 9 4 -1 
