0 9 6 2 8 7 6 7 3 8 9 7 5 4 -1 
5 1 9 1 1 9 3 0 0 3 0 3 8 8 4 7 4 9 0 -1 
7 4 9 5 7 7 1 9 9 0 4 5 4 1 8 6 6 5 6 0 -1 9 -1 
3 2 5 1 7 3 9 8 7 0 7 9 6 1 4 -1 5 -1 
6 -1 4 6 6 9 8 6 3 8 7 0 0 4 7 0 1 3 8 0 -1 
1 3 4 1 7 5 7 6 8 9 2 9 6 8 -1 
5 4 4 7 6 8 2 -1 4 -1 2 5 8 3 4 4 -1 
8 2 1 5 9 8 1 3 3 1 6 5 1 7 6 0 -1 8 0 3 6 9 6 5 -1 
1 9 0 3 4 9 2 9 7 4 7 1 6 4 4 0 9 2 5 1 5 4 -1 
8 -1 1 5 7 5 1 -1 4 -1 9 4 5 3 9 -1 4 7 -1 
3 5 2 -1 3 9 8 8 9 3 4 5 1 -1 3 8 0 5 -1 
0 0 2 5 2 3 6 0 7 9 2 2 9 7 9 5 4 3 3 2 -1 
9 6 8 3 9 6 3 6 7 9 1 1 9 3 3 -1 
2 1 7 3 1 1 9 0 9 3 6 3 5 5 0 -1 
1 1 5 1 2 7 -1 0 2 1 1 4 9 1 2 9 7 -1 2 6 3 6 -1 2 -1 
4 0 2 1 1 6 6 4 0 7 7 3 5 5 7 3 -1 
5 8 8 3 8 -1 9 6 7 6 6 1 5 8 8 4 1 8 8 6 -1 
6 7 8 0 6 5 1 3 3 1 6 8 2 4 6 -1 -1 
5 0 7 9 1 1 8 0 1 0 -1 1 -1 2 0 4 2 5 5 4 4 4 -1 
8 5 2 1 0 2 0 6 1 -1 9 7 0 5 6 -1 
