5 1 8 7 3 0 0 0 8 9 1 2 3 0 -1 
7 5 5 8 8 1 4 5 6 1 5 6 -1 4 0 1 9 3 7 -1 
9 9 -1 7 5 3 0 0 -1 9 3 2 1 8 7 1 2 8 1 1 5 1 -1 
4 9 4 -1 0 9 7 7 6 8 7 3 9 9 3 7 6 -1 
3 2 4 3 0 2 4 3 5 8 9 7 3 9 2 -1 0 7 3 0 -1 
-1 -1 1 2 9 8 9 0 5 1 3 3 3 3 -1 
9 5 -1 4 7 9 4 7 7 9 0 9 7 1 4 4 -1 
2 2 4 2 2 0 9 3 1 4 9 1 3 -1 4 7 1 2 5 2 1 0 6 7 -1 
9 -1 3 2 7 0 3 1 6 0 7 0 0 -1 7 4 3 4 3 6 5 8 -1 
1 2 3 0 8 9 1 3 3 0 9 1 5 1 6 8 8 2 -1 
3 0 3 1 9 6 3 4 4 8 2 3 0 7 9 -1 0 9 -1 
6 0 8 9 5 7 9 5 9 4 2 1 3 0 8 1 8 0 1 6 -1 
2 3 5 9 6 4 2 3 4 8 4 0 6 2 0 -1 
8 8 2 9 0 7 2 5 -1 4 4 3 7 2 6 -1 
1 6 2 5 2 9 8 9 1 0 6 0 6 9 9 7 1 2 7 5 5 0 1 8 -1 
0 8 2 7 -1 -1 0 0 7 4 8 6 4 9 -1 7 -1 
3 8 -1 5 7 0 9 5 8 7 1 9 8 6 0 9 8 5 9 -1 -1 
4 6 8 2 6 5 1 4 2 1 7 -1 5 8 0 3 -1 
3 7 7 7 2 -1 0 5 6 3 0 3 4 3 7 9 7 8 3 7 5 5 -1 
6 9 5 2 4 8 1 1 5 9 8 7 8 0 9 -1 
