6 7 2 3 6 1 0 2 4 9 0 0 9 9 -1 
3 9 1 2 5 2 7 6 7 4 8 9 4 7 -1 
3 4 1 3 1 0 4 1 3 1 -1 -1 0 5 -1 
-1 5 8 6 8 3 1 7 8 4 5 9 9 8 -1 
7 4 2 -1 5 0 0 2 8 9 -1 5 5 0 -1 
1 8 4 8 1 0 4 0 5 5 -1 3 1 3 -1 
5 6 4 6 2 6 6 3 4 8 1 4 3 2 -1 
9 6 2 -1 -1 0 8 0 9 9 7 5 0 3 -1 
8 5 8 -1 1 6 8 2 1 9 1 5 9 4 -1 
1 9 0 4 1 8 0 9 8 8 5 3 -1 4 -1 
4 0 9 1 8 6 3 6 5 1 1 -1 8 6 -1 
6 1 7 0 0 -1 5 6 3 3 6 6 2 0 -1 
7 5 2 6 9 -1 3 7 -1 5 2 4 1 3 -1 
0 5 3 1 -1 2 3 6 1 2 3 8 5 6 -1 
2 2 5 1 0 8 1 7 8 8 1 4 5 4 -1 
8 2 3 1 3 3 1 7 2 8 1 9 5 8 -1 
2 3 1 0 -1 4 7 7 0 7 0 2 2 2 -1 
4 0 -1 0 3 5 6 5 2 2 0 0 4 5 -1 
9 6 7 -1 4 7 3 8 9 1 3 -1 6 4 -1 
4 7 0 4 5 -1 6 1 3 6 3 8 7 0 -1 
