1 9 7 -1 0 3 8 3 -1 -1 
8 7 8 4 8 0 8 2 3 -1 
7 1 8 -1 6 9 0 0 7 -1 
1 7 6 9 4 5 9 9 5 -1 
2 4 -1 2 -1 -1 9 4 6 -1 
2 7 -1 1 6 1 8 6 4 -1 
2 8 6 7 6 6 3 6 7 -1 
5 1 9 7 7 -1 0 4 -1 -1 
9 0 6 -1 -1 1 1 0 3 -1 
3 6 1 8 -1 6 3 6 8 -1 
9 6 -1 -1 8 2 0 5 4 -1 
5 7 8 6 -1 1 -1 4 -1 -1 
6 5 5 2 0 9 7 0 3 -1 
1 9 -1 1 9 3 6 9 4 -1 
2 0 0 0 1 7 9 9 2 -1 
4 3 7 2 2 6 9 -1 9 -1 
5 1 4 9 9 4 -1 6 3 -1 
-1 9 -1 9 3 2 1 9 9 -1 
6 0 4 -1 1 3 4 9 5 -1 
0 1 0 0 5 8 2 9 -1 -1 
6 1 3 0 2 -1 6 7 2 -1 
5 3 9 4 6 -1 0 0 6 -1 
0 7 1 4 1 2 1 7 8 -1 
8 2 1 4 3 9 2 -1 1 -1 
0 9 9 6 7 7 5 7 0 -1 
6 8 5 9 8 0 7 3 3 -1 
6 5 1 5 6 8 5 5 7 -1 
2 9 2 6 0 7 6 -1 1 -1 
5 3 9 3 -1 5 4 8 3 -1 
6 2 7 0 -1 1 0 4 9 -1 
