2 0 2 9 0 2 1 2 2 3 3 1 1 4 -1 
1 -1 2 3 7 8 5 1 3 1 1 1 0 5 -1 
9 3 8 5 6 8 -1 9 -1 9 0 2 1 5 -1 
6 8 6 6 3 1 8 9 8 -1 7 5 7 3 -1 
-1 3 2 8 0 1 8 7 3 5 -1 5 5 2 -1 
7 4 6 5 4 7 6 1 5 8 0 9 2 8 -1 
4 4 7 9 9 9 2 1 1 0 0 3 2 2 -1 
-1 8 7 4 2 1 4 8 1 6 -1 7 4 2 -1 
-1 7 8 0 9 7 2 3 9 5 8 1 5 5 -1 
9 0 7 3 1 6 3 6 3 3 5 -1 6 5 -1 
3 3 0 2 3 9 8 1 3 3 5 3 2 4 -1 
7 5 0 6 6 6 9 9 8 1 0 8 1 0 -1 
7 0 -1 8 7 8 3 3 2 9 2 -1 4 5 -1 
4 1 -1 1 7 6 -1 8 0 8 2 7 7 2 -1 
5 6 7 7 2 0 2 7 5 3 1 8 8 6 -1 
7 3 9 0 0 1 8 9 -1 2 6 2 9 6 -1 
2 1 0 0 8 2 7 1 9 7 7 9 5 5 -1 
0 8 6 2 -1 4 2 3 8 9 3 5 3 6 -1 
6 0 8 -1 5 4 4 -1 7 0 4 9 0 -1 -1 
9 5 5 0 4 6 5 -1 8 4 7 7 0 3 -1 
