7 7 4 6 5 9 1 7 6 8 4 0 -1 6 -1 
3 1 2 3 2 2 0 8 8 3 7 3 8 7 -1 
8 7 0 8 2 4 1 5 -1 2 2 2 6 2 -1 
8 9 -1 1 8 6 -1 7 2 5 0 -1 9 4 -1 
7 3 7 4 9 9 2 2 7 7 0 4 6 4 -1 
1 3 5 7 7 5 -1 6 2 6 2 9 1 1 -1 
7 1 9 3 6 -1 3 0 8 1 6 8 6 5 -1 
-1 1 3 0 8 3 5 1 2 3 6 1 3 0 -1 
1 5 1 8 6 7 3 5 6 6 9 1 7 1 -1 
-1 9 8 7 9 1 0 1 5 6 -1 0 8 3 -1 
7 1 0 2 3 -1 1 2 9 2 2 1 7 7 -1 
2 4 5 0 1 3 0 -1 6 7 6 6 9 0 -1 
7 0 5 5 7 3 0 0 6 -1 0 4 8 8 -1 
3 2 4 8 3 7 0 7 -1 9 9 4 1 3 -1 
9 3 0 6 3 4 7 1 8 2 6 2 8 2 -1 
8 7 2 8 3 1 -1 0 2 0 4 6 2 3 -1 
7 5 1 2 9 4 6 9 5 7 3 5 5 9 -1 
3 -1 -1 6 6 0 5 6 0 9 4 0 8 2 -1 
8 8 4 9 0 -1 5 9 7 8 0 -1 -1 1 -1 
7 7 9 8 0 9 7 1 0 5 1 1 3 7 -1 
5 8 2 8 0 2 7 5 1 4 -1 5 1 6 -1 
3 6 1 6 9 3 6 5 6 2 1 4 6 9 -1 
4 5 6 1 -1 4 8 2 0 9 9 0 5 8 -1 
9 7 9 2 -1 7 2 8 6 6 8 9 7 0 -1 
9 -1 1 2 2 4 8 4 8 8 2 9 9 7 -1 
7 8 1 0 0 -1 7 0 1 5 1 0 0 1 -1 
9 9 3 8 2 9 4 6 3 2 4 3 5 5 -1 
3 6 9 1 7 4 3 9 2 8 -1 2 0 -1 -1 
1 6 3 0 6 7 6 2 9 -1 -1 5 3 2 -1 
0 4 9 3 6 5 5 2 -1 8 9 3 2 6 -1 
