-1 6 9 1 9 4 3 6 8 -1 
0 3 1 8 9 1 3 9 1 -1 
2 9 0 7 3 0 2 6 -1 -1 
6 4 5 3 2 9 7 3 3 -1 
3 6 2 8 3 6 9 3 6 -1 
-1 1 0 7 3 8 8 0 5 -1 
5 -1 0 -1 8 5 3 2 -1 -1 
0 0 -1 1 1 4 5 8 3 -1 
3 1 1 5 5 7 -1 9 2 -1 
8 9 4 3 -1 1 2 1 2 -1 
2 6 7 1 6 3 -1 5 4 -1 
4 4 7 7 6 4 6 6 -1 -1 
3 8 2 6 8 1 0 6 3 -1 
2 5 2 9 1 2 2 8 -1 -1 
2 2 9 1 3 3 -1 0 7 -1 
0 8 5 8 6 8 0 8 3 -1 
4 1 3 6 9 9 0 3 9 -1 
7 0 7 -1 6 4 5 6 1 -1 
-1 3 -1 7 7 1 -1 1 3 -1 
-1 7 4 -1 4 7 7 6 -1 -1 
4 5 4 0 -1 -1 9 2 -1 -1 
7 2 3 4 8 2 5 9 0 -1 
0 3 6 0 0 5 6 7 4 -1 
4 1 2 3 9 5 2 9 3 -1 
7 5 6 6 6 1 0 1 3 -1 
4 -1 -1 1 6 -1 -1 6 8 -1 
0 5 5 0 5 0 2 9 0 -1 
6 -1 7 9 1 0 3 4 3 -1 
9 4 1 7 6 5 -1 9 3 -1 
9 6 1 1 6 -1 1 9 9 -1 
