2 7 8 6 6 7 -1 -1 8 -1 
4 7 1 6 2 1 4 3 2 -1 
1 9 3 4 1 4 7 6 -1 -1 
6 9 6 1 1 8 4 0 8 -1 
3 1 6 4 9 9 8 5 1 -1 
9 6 4 4 4 -1 8 1 6 -1 
4 0 3 0 -1 7 0 9 7 -1 
-1 3 3 0 -1 4 8 9 4 -1 
1 3 3 9 6 1 4 2 6 -1 
2 -1 0 6 8 -1 3 5 4 -1 
0 -1 4 7 1 -1 4 8 5 -1 
7 8 1 5 -1 0 3 6 9 -1 
4 6 2 9 8 8 2 -1 1 -1 
3 2 8 1 8 -1 0 6 4 -1 
1 -1 5 4 5 -1 2 4 0 -1 
2 -1 7 3 9 8 8 0 6 -1 
7 3 3 -1 2 8 3 2 4 -1 
8 1 7 4 5 9 1 2 8 -1 
3 -1 0 0 4 0 4 1 3 -1 
5 -1 6 3 9 1 9 5 -1 -1 
-1 0 0 5 3 -1 2 -1 5 -1 
8 8 8 2 0 1 5 1 8 -1 
5 0 1 6 8 8 4 5 6 -1 
8 4 6 -1 3 5 4 -1 0 -1 
6 7 6 -1 3 0 -1 0 0 -1 
6 8 4 7 0 5 0 3 9 -1 
5 0 -1 4 6 5 1 4 3 -1 
6 9 4 4 2 9 4 -1 -1 -1 
1 6 9 2 0 9 9 0 0 -1 
8 7 4 5 2 2 1 7 7 -1 
5 2 1 8 8 -1 5 4 1 -1 
8 5 1 4 9 6 6 -1 1 -1 
8 2 0 4 5 5 2 6 -1 -1 
2 5 -1 2 3 -1 4 4 9 -1 
1 0 3 3 7 9 9 2 9 -1 
5 1 1 0 1 3 2 4 6 -1 
8 9 3 6 0 4 -1 -1 5 -1 
-1 6 7 7 -1 1 2 1 0 -1 
1 -1 7 0 6 8 -1 2 9 -1 
3 0 5 -1 8 0 2 4 7 -1 
8 2 9 8 6 5 6 1 1 -1 
5 2 8 7 -1 9 6 4 -1 -1 
3 0 8 6 4 2 3 8 6 -1 
3 7 9 1 9 4 -1 8 0 -1 
8 8 1 6 4 3 8 9 2 -1 
6 4 7 8 2 4 7 4 1 -1 
1 8 3 8 2 4 0 1 9 -1 
1 -1 -1 -1 3 0 2 0 4 -1 
9 5 5 1 2 4 3 -1 5 -1 
3 4 8 2 8 0 2 6 3 -1 
