2 3 1 0 0 8 1 2 6 -1 
4 5 0 2 -1 1 -1 8 9 -1 
-1 9 1 0 1 3 0 6 5 -1 
1 2 3 6 1 2 6 1 5 -1 
4 0 7 7 4 7 9 6 6 -1 
4 2 7 5 8 4 5 -1 1 -1 
3 3 9 9 5 4 4 9 6 -1 
-1 1 0 9 0 5 4 4 8 -1 
7 5 -1 6 -1 -1 3 5 2 -1 
9 -1 -1 -1 0 8 6 5 0 -1 
5 6 8 2 3 5 9 3 5 -1 
7 3 9 0 -1 -1 0 1 0 -1 
0 -1 8 4 7 -1 3 0 4 -1 
3 4 3 2 -1 1 4 8 1 -1 
2 5 3 4 8 6 9 -1 2 -1 
8 5 8 2 7 1 1 5 -1 -1 
-1 8 9 -1 3 8 3 3 8 -1 
6 4 0 8 9 5 8 3 2 -1 
1 1 -1 8 9 8 8 6 4 -1 
9 9 7 9 5 1 0 1 9 -1 
6 3 4 0 5 5 9 0 1 -1 
5 3 7 1 6 -1 7 5 8 -1 
9 2 9 3 1 9 5 2 -1 -1 
2 9 5 -1 7 1 2 9 1 -1 
9 0 2 0 7 3 6 8 2 -1 
4 9 8 0 7 3 9 1 0 -1 
5 4 -1 2 -1 5 4 0 4 -1 
9 1 8 4 9 8 7 1 6 -1 
1 7 1 8 4 1 1 4 2 -1 
9 8 1 5 7 4 5 7 1 -1 
3 7 4 9 0 8 0 6 4 -1 
4 -1 3 2 8 4 9 2 3 -1 
9 0 3 9 4 1 -1 2 8 -1 
3 7 8 -1 -1 -1 4 7 9 -1 
8 4 1 8 0 5 7 -1 4 -1 
3 8 -1 -1 2 -1 -1 8 0 -1 
8 7 7 7 8 1 3 6 4 -1 
9 7 1 1 6 8 2 5 9 -1 
9 2 1 5 5 1 2 5 4 -1 
6 1 7 9 3 -1 8 1 9 -1 
2 8 2 7 0 1 9 -1 0 -1 
3 0 7 7 8 4 -1 7 5 -1 
-1 9 1 6 4 7 5 1 9 -1 
6 6 8 1 9 -1 2 -1 5 -1 
8 7 8 9 0 9 1 1 3 -1 
0 2 7 -1 7 5 -1 -1 6 -1 
1 4 2 9 3 4 9 0 7 -1 
4 9 6 3 2 5 -1 0 4 -1 
8 2 1 3 2 -1 9 4 6 -1 
6 8 0 -1 -1 8 9 9 -1 -1 
