10 3 4 10 0 9 8 -1 5 8 -1 8 1 9 -1 
10 9 3 10 9 8 2 9 5 8 7 4 4 10 -1 
5 9 3 5 5 2 2 0 7 10 2 1 1 7 -1 
1 8 9 8 5 10 4 6 5 -1 5 1 0 5 -1 
7 8 8 10 6 10 -1 6 9 9 -1 1 10 8 -1 
3 10 8 0 0 -1 8 9 0 10 1 3 6 0 -1 
3 0 5 1 8 8 1 10 10 6 2 8 4 0 -1 
10 8 6 2 6 2 8 6 8 1 10 -1 7 5 -1 
6 7 6 8 10 -1 9 8 -1 3 9 5 7 5 -1 
2 2 6 6 7 3 -1 7 0 4 5 5 0 0 -1 
5 5 9 6 0 3 5 7 3 7 2 3 0 1 -1 
9 9 10 8 5 2 -1 10 0 9 7 9 0 8 -1 
4 8 5 6 0 7 8 3 10 8 1 8 3 8 -1 
2 1 4 7 0 0 1 4 6 -1 4 0 2 9 -1 
0 10 10 -1 3 2 0 5 7 10 5 7 3 5 -1 
2 7 0 3 7 5 2 7 10 6 9 -1 3 -1 -1 
6 9 -1 10 -1 0 3 6 8 7 -1 10 0 9 -1 
5 7 2 0 3 -1 1 4 3 7 1 1 0 10 -1 
0 4 3 3 9 7 6 4 9 -1 6 1 5 8 -1 
5 1 1 2 2 4 10 1 6 7 4 4 9 5 -1 
