7 1 3 1 10 7 5 10 1 3 6 3 10 -1 -1 
4 0 5 6 0 7 2 4 2 8 7 8 1 6 -1 
-1 4 0 10 8 7 -1 -1 7 4 0 5 9 1 -1 
7 3 10 2 2 4 4 3 -1 3 10 8 7 9 -1 
0 2 -1 6 6 2 8 5 6 10 5 5 2 3 -1 
9 -1 7 3 -1 9 2 8 1 0 4 3 5 3 -1 
-1 6 1 2 -1 8 0 9 8 2 9 10 10 9 -1 
5 7 10 7 8 9 1 0 1 7 2 6 3 2 -1 
10 3 1 6 2 9 4 8 3 0 2 6 8 7 -1 
10 7 6 3 7 5 -1 5 4 1 7 8 10 6 -1 
5 4 10 1 2 10 6 4 5 9 0 -1 2 4 -1 
5 6 5 0 0 2 4 -1 8 10 4 9 8 6 -1 
0 7 9 6 5 3 8 6 0 1 -1 1 1 10 -1 
9 10 0 1 8 2 10 8 -1 4 10 6 8 8 -1 
8 5 2 8 1 10 8 1 2 7 9 4 2 9 -1 
5 4 10 4 6 9 10 6 6 2 4 8 0 4 -1 
4 5 3 0 1 5 10 9 8 6 0 2 4 5 -1 
0 6 3 10 8 6 1 6 -1 4 6 0 1 7 -1 
4 -1 10 0 1 1 1 -1 9 6 5 4 3 9 -1 
5 0 -1 1 -1 1 8 4 1 4 1 9 8 4 -1 
