5 9 -1 0 -1 2 6 2 9 2 4 2 9 8 -1 
7 7 1 2 10 4 -1 9 6 -1 8 9 6 6 -1 
8 4 2 3 7 7 8 6 7 5 6 8 7 8 -1 
2 0 10 0 6 -1 4 -1 7 9 8 6 7 5 -1 
9 -1 6 -1 10 3 1 5 2 2 5 2 9 9 -1 
10 -1 10 7 -1 3 2 6 1 2 3 6 8 2 -1 
0 6 10 8 2 3 8 9 0 10 1 5 8 1 -1 
6 7 5 3 2 6 7 10 9 3 0 6 8 1 -1 
1 9 8 9 0 9 -1 0 3 5 -1 8 7 5 -1 
8 7 4 3 0 1 10 8 8 1 -1 10 5 1 -1 
8 8 4 10 5 9 6 8 10 7 8 0 1 6 -1 
5 1 9 10 -1 4 0 6 4 6 6 10 2 8 -1 
6 10 9 2 7 1 0 3 9 10 0 0 0 8 -1 
-1 8 5 1 1 3 -1 10 6 5 0 3 7 10 -1 
1 2 5 1 4 3 1 2 3 6 0 0 10 0 -1 
7 0 2 -1 2 9 5 4 7 4 10 7 3 0 -1 
2 0 7 4 8 3 9 0 7 10 6 8 5 5 -1 
8 7 7 -1 8 1 -1 9 9 0 9 2 0 4 -1 
4 9 5 2 0 10 10 9 4 8 7 3 3 -1 -1 
10 1 6 1 3 7 6 10 7 0 10 1 4 6 -1 
