9 10 6 6 10 7 3 6 0 -1 
2 0 8 4 10 0 3 5 2 -1 
7 10 9 6 2 -1 5 8 9 -1 
-1 -1 10 1 8 10 0 8 -1 -1 
1 2 2 10 2 9 4 10 5 -1 
0 5 10 -1 8 8 1 -1 0 -1 
8 6 5 5 7 4 3 -1 6 -1 
3 -1 8 6 10 2 6 0 9 -1 
2 -1 3 10 9 3 2 -1 9 -1 
2 6 8 6 -1 8 0 3 10 -1 
5 2 2 5 4 -1 10 2 0 -1 
10 -1 4 6 3 6 1 4 3 -1 
7 10 3 10 8 10 7 -1 4 -1 
10 2 6 6 7 6 2 0 6 -1 
10 9 4 0 8 4 4 -1 -1 -1 
0 3 -1 9 4 5 9 9 1 -1 
7 -1 -1 7 7 8 9 6 6 -1 
10 2 2 5 0 1 -1 5 8 -1 
0 3 8 2 6 6 2 0 -1 -1 
4 5 8 -1 10 1 1 7 7 -1 
8 -1 0 5 7 7 7 10 2 -1 
10 -1 2 2 0 7 1 0 3 -1 
7 2 2 5 7 3 2 3 9 -1 
0 0 -1 5 2 0 3 10 9 -1 
0 0 7 -1 9 0 -1 1 -1 -1 
3 9 5 9 -1 9 0 7 10 -1 
6 2 9 6 9 0 10 1 7 -1 
6 1 -1 2 10 4 1 10 9 -1 
6 6 5 10 8 9 4 6 8 -1 
0 2 9 10 5 1 9 3 8 -1 
