5 6 8 1 10 7 -1 8 10 -1 
9 7 10 -1 10 4 1 3 1 -1 
5 3 0 9 2 5 10 6 10 -1 
1 5 9 2 7 8 6 3 5 -1 
0 10 4 5 -1 8 10 4 0 -1 
6 -1 8 8 -1 3 -1 6 10 -1 
4 8 5 0 -1 -1 8 0 3 -1 
1 10 5 9 -1 7 2 4 4 -1 
1 9 2 -1 8 9 9 -1 0 -1 
3 -1 7 1 10 -1 4 2 3 -1 
10 8 6 -1 10 10 4 2 3 -1 
2 2 4 2 5 0 2 10 1 -1 
1 0 -1 3 7 6 8 6 6 -1 
1 8 9 -1 3 8 6 3 3 -1 
0 4 1 7 0 8 7 8 10 -1 
-1 6 1 9 1 0 8 3 1 -1 
6 3 2 9 10 8 2 5 6 -1 
1 0 8 2 10 7 2 -1 8 -1 
6 8 8 -1 -1 -1 5 8 10 -1 
8 0 -1 9 6 -1 5 1 -1 -1 
4 9 7 6 5 2 9 3 10 -1 
8 0 5 5 10 2 7 8 8 -1 
9 0 0 7 2 9 10 0 2 -1 
0 0 6 5 6 6 7 10 2 -1 
2 4 3 5 2 0 6 9 7 -1 
10 6 0 -1 5 6 6 0 9 -1 
4 6 10 5 -1 10 9 4 9 -1 
1 3 -1 4 0 2 3 -1 7 -1 
7 10 0 7 4 0 -1 10 3 -1 
5 -1 0 4 10 6 4 10 1 -1 
