10 5 8 8 8 9 -1 2 9 4 9 6 2 3 -1 
10 7 2 9 5 9 1 9 1 8 9 8 0 4 -1 
1 7 1 3 10 5 -1 3 1 2 6 7 10 1 -1 
10 4 1 2 0 4 5 6 1 2 2 8 6 -1 -1 
5 1 3 0 3 5 2 7 7 8 10 9 4 -1 -1 
2 2 8 1 0 -1 6 4 9 5 5 2 9 4 -1 
-1 6 1 6 8 2 7 2 8 10 5 3 -1 8 -1 
8 10 5 2 8 9 5 6 0 5 10 10 6 5 -1 
1 9 2 -1 6 6 3 2 6 6 1 9 4 0 -1 
4 7 1 2 10 3 7 -1 6 0 7 8 9 2 -1 
7 6 -1 1 10 5 9 -1 1 4 3 -1 -1 1 -1 
-1 -1 9 8 5 9 8 3 6 3 2 2 6 0 -1 
2 10 7 9 6 3 0 6 9 0 3 1 5 7 -1 
4 10 3 4 8 7 -1 6 1 6 8 8 5 10 -1 
9 2 4 4 1 3 5 4 8 8 2 7 1 7 -1 
8 3 3 8 10 5 6 7 4 6 7 3 4 4 -1 
6 4 8 0 2 10 9 3 3 2 -1 10 -1 6 -1 
3 6 8 2 10 0 2 6 1 0 6 5 7 10 -1 
4 7 5 5 4 7 7 5 7 5 5 2 6 2 -1 
3 8 4 3 5 4 9 10 -1 -1 6 1 4 6 -1 
