-1 10 8 2 -1 3 8 1 3 10 4 3 8 8 -1 
2 7 7 9 2 9 0 10 7 1 6 8 2 7 -1 
6 7 10 4 10 2 7 7 10 9 -1 8 8 1 -1 
3 0 5 6 6 2 3 5 9 6 7 7 9 6 -1 
4 3 6 0 1 5 9 8 9 0 6 5 5 -1 -1 
7 4 9 2 9 0 2 -1 9 6 4 4 4 1 -1 
6 1 3 1 3 5 0 9 -1 9 9 5 6 3 -1 
8 9 9 8 5 4 5 6 9 6 1 5 1 8 -1 
4 0 4 3 7 7 8 3 8 2 9 3 0 4 -1 
1 0 5 5 7 0 9 4 1 7 5 -1 8 6 -1 
10 4 0 6 9 1 8 3 0 8 7 5 -1 6 -1 
5 10 0 7 9 10 2 7 7 3 3 8 3 6 -1 
7 -1 3 4 1 0 7 5 9 4 10 9 4 -1 -1 
9 2 -1 7 4 5 4 -1 3 3 5 8 -1 2 -1 
4 10 6 0 1 5 5 3 8 7 7 6 7 3 -1 
-1 8 -1 7 7 -1 2 6 5 7 1 9 3 6 -1 
4 1 2 6 7 2 1 6 6 7 10 6 5 3 -1 
4 0 10 8 6 2 0 9 5 1 5 -1 6 8 -1 
9 1 7 9 8 0 1 5 1 4 5 6 8 6 -1 
8 8 0 1 -1 8 2 2 0 -1 -1 3 1 3 -1 
