3 4 0 8 6 10 0 1 8 2 2 7 3 10 -1 
4 7 2 10 7 2 1 0 -1 -1 1 9 -1 5 -1 
3 3 5 0 0 8 0 9 3 1 3 3 4 8 -1 
10 2 4 3 8 2 0 5 10 2 3 -1 5 10 -1 
1 10 4 7 4 5 9 5 0 0 7 5 8 4 -1 
7 0 3 6 6 2 1 8 8 -1 2 -1 0 10 -1 
6 9 3 0 7 7 1 4 1 1 3 7 1 3 -1 
2 8 5 1 10 8 4 9 9 -1 3 0 3 -1 -1 
8 4 2 9 10 3 2 6 8 5 0 7 9 10 -1 
1 6 5 10 2 8 2 7 5 9 1 8 2 5 -1 
1 3 8 5 8 10 2 1 -1 7 6 3 2 -1 -1 
10 7 10 10 9 3 4 3 8 5 2 8 5 2 -1 
9 5 7 5 10 0 6 7 5 2 4 2 8 3 -1 
6 9 6 6 -1 4 2 2 3 9 -1 3 5 9 -1 
8 1 6 8 1 6 5 -1 -1 3 2 5 10 4 -1 
-1 5 2 5 7 3 5 8 3 6 1 4 7 5 -1 
7 4 3 7 3 8 10 5 -1 2 10 4 5 -1 -1 
9 10 0 7 0 8 7 3 6 8 10 8 3 -1 -1 
2 5 3 6 7 9 7 1 7 2 9 4 1 2 -1 
8 6 5 6 7 -1 7 -1 7 7 4 0 6 6 -1 
