7 3 1 6 10 2 10 10 -1 -1 
10 6 1 -1 7 4 4 6 3 -1 
9 6 8 3 3 2 6 8 0 -1 
10 3 5 1 10 0 9 4 1 -1 
2 6 3 5 -1 3 5 2 5 -1 
1 10 2 9 2 6 2 5 2 -1 
-1 6 10 -1 5 6 10 -1 9 -1 
-1 3 6 -1 6 0 5 10 3 -1 
3 -1 6 -1 6 6 1 8 1 -1 
9 5 7 3 7 2 -1 2 8 -1 
1 6 0 9 9 4 5 6 8 -1 
3 -1 0 0 -1 0 2 5 1 -1 
8 -1 7 1 6 2 3 2 9 -1 
4 8 0 0 8 -1 1 10 3 -1 
5 2 4 7 7 6 -1 3 3 -1 
-1 10 9 3 7 10 7 9 7 -1 
6 2 1 9 9 4 10 3 1 -1 
0 -1 3 0 2 2 10 3 7 -1 
1 10 8 5 5 9 7 6 7 -1 
4 -1 -1 3 6 10 2 7 10 -1 
6 9 9 1 10 7 10 4 2 -1 
8 1 1 4 4 -1 1 1 6 -1 
-1 4 5 -1 8 3 -1 1 9 -1 
2 8 -1 -1 1 10 8 8 8 -1 
2 0 0 1 6 1 4 3 10 -1 
1 9 2 3 5 3 -1 6 6 -1 
0 -1 9 2 7 1 0 1 2 -1 
3 1 -1 -1 8 10 8 9 1 -1 
0 0 5 10 7 4 7 5 4 -1 
4 -1 2 6 9 9 3 3 2 -1 
9 6 7 5 2 5 -1 10 1 -1 
2 8 2 2 8 2 -1 5 -1 -1 
1 7 10 3 5 2 -1 10 9 -1 
8 5 -1 3 1 9 6 0 0 -1 
9 10 0 1 9 8 2 8 1 -1 
-1 9 2 0 8 2 4 4 2 -1 
2 4 9 7 5 10 10 0 -1 -1 
10 3 6 0 3 -1 2 -1 2 -1 
3 0 2 7 5 9 5 0 9 -1 
6 9 7 3 2 5 9 6 8 -1 
9 1 3 7 7 1 3 6 9 -1 
4 1 0 3 9 7 7 4 9 -1 
6 4 10 4 2 5 9 3 6 -1 
10 7 6 7 10 6 -1 3 3 -1 
0 8 0 4 3 3 10 7 2 -1 
-1 5 7 5 7 4 9 10 4 -1 
-1 -1 3 -1 7 8 8 6 9 -1 
10 -1 6 2 9 -1 6 1 3 -1 
-1 3 4 8 -1 6 6 8 5 -1 
4 -1 0 1 10 8 7 3 8 -1 
