9 6 1 1 7 9 2 6 8 0 7 3 8 8 7 0 0 -1 6 -1 
1 0 1 9 0 1 3 8 10 0 6 2 4 0 7 6 3 3 7 -1 
4 5 2 1 6 7 4 0 10 7 -1 0 6 3 9 -1 6 7 7 -1 
6 7 3 7 6 2 5 7 9 10 4 9 7 10 9 5 10 5 5 -1 
0 -1 8 9 6 5 4 0 10 5 9 1 8 5 5 1 9 4 -1 -1 
4 7 3 4 10 -1 4 9 2 3 1 2 -1 3 4 3 4 6 3 -1 
3 2 9 8 8 6 4 9 4 4 0 9 5 7 2 7 4 2 0 -1 
1 9 10 7 6 2 6 1 10 7 8 3 0 0 10 2 5 6 -1 -1 
7 10 7 3 4 10 9 10 8 -1 6 4 4 4 2 4 4 10 3 -1 
8 8 1 10 1 10 7 5 7 9 0 0 0 -1 1 0 10 8 9 -1 
8 4 5 0 5 6 2 -1 6 1 5 1 5 8 2 10 4 2 8 -1 
7 5 7 1 6 5 9 1 2 4 1 7 3 8 6 8 9 1 3 -1 
9 10 1 4 0 4 2 1 8 10 -1 3 -1 1 4 10 10 2 2 -1 
7 3 7 5 9 7 5 9 10 10 1 10 1 9 9 8 8 3 10 -1 
0 6 4 10 3 8 8 -1 1 -1 9 4 6 6 9 0 4 2 0 -1 
3 7 6 9 1 7 7 10 9 2 9 4 6 10 9 2 6 9 3 -1 
4 2 6 7 4 1 2 4 -1 9 8 3 0 8 0 -1 9 7 9 -1 
5 6 5 7 10 9 2 5 6 10 0 5 7 0 9 7 9 3 7 -1 
10 2 -1 5 1 3 10 2 4 10 -1 2 10 4 9 9 -1 8 4 -1 
5 6 7 6 2 8 6 7 7 6 1 9 8 8 10 10 0 3 3 -1 
