5 -1 8 0 6 2 0 5 5 10 1 10 7 4 0 9 9 2 9 -1 
-1 2 4 2 9 9 2 2 8 -1 6 -1 2 4 8 7 -1 -1 10 -1 
6 7 -1 8 2 4 9 6 5 1 10 8 4 7 9 7 3 10 10 -1 
7 3 7 5 2 5 8 0 4 4 10 5 1 1 3 7 1 1 4 -1 
1 1 7 2 1 2 5 4 4 4 2 5 10 9 3 6 6 6 6 -1 
8 2 8 4 3 1 3 2 0 3 10 7 3 -1 3 3 0 7 1 -1 
4 8 2 2 7 1 1 4 2 10 1 8 1 9 1 4 3 7 1 -1 
5 8 6 6 9 1 7 10 5 -1 3 1 4 1 5 5 2 -1 0 -1 
3 4 9 2 4 3 5 5 6 5 2 -1 10 3 5 3 10 0 1 -1 
4 0 7 2 2 7 10 10 0 9 0 8 7 1 0 4 10 9 3 -1 
-1 7 5 2 -1 2 6 7 6 2 7 1 9 0 1 8 3 3 10 -1 
0 1 3 6 10 8 3 1 8 5 4 9 -1 4 9 4 0 4 3 -1 
2 0 1 5 7 4 8 1 9 2 -1 5 10 10 2 7 6 8 -1 -1 
6 7 5 0 10 5 9 10 7 7 0 1 5 2 9 7 3 1 1 -1 
8 9 5 3 6 5 9 1 1 3 6 1 7 2 6 5 2 9 2 -1 
5 7 2 6 8 2 4 1 8 7 6 -1 0 0 3 3 10 0 2 -1 
8 10 9 1 3 4 9 5 10 9 0 3 1 2 4 8 -1 -1 7 -1 
7 3 5 8 -1 8 2 6 3 9 1 10 0 9 8 0 9 5 9 -1 
6 4 5 3 1 2 1 9 2 9 3 2 3 2 4 0 2 5 4 -1 
5 3 10 4 9 7 9 10 8 10 4 0 0 7 6 9 4 3 5 -1 
