11 8 6
4 4 4 4 4 4 4 4 4 4 4 
3 1 2 1 250 3 256 2 2 2 127 4 129 3 1 4 102 
3 4 2 2 144 3 150 2 2 2 134 4 136 7 2 4 125 5 130 
3 4 2 2 154 3 160 5 2 1 163 6 171 7 2 4 202 5 207 
2 7 2 4 212 5 217 8 2 5 150 6 158 
2 1 2 1 217 3 223 3 1 4 152 
2 3 1 4 89 2 2 2 70 4 72 
3 5 2 1 181 6 189 6 3 3 101 4 103 5 108 7 2 4 152 5 157 
2 5 2 1 123 6 131 8 2 5 155 6 163 
2 1 2 1 90 3 96 2 2 2 66 4 68 
3 7 2 4 147 5 152 3 1 4 182 4 2 2 109 3 115 
3 4 2 2 194 3 200 5 2 1 103 6 111 6 3 3 159 4 161 5 166 
2 6 3 3 176 4 178 5 183 8 2 5 170 6 178 
2 1 2 1 90 3 96 2 2 2 69 4 71 
2 3 1 4 252 5 2 1 176 6 184 
2 4 2 2 149 3 155 6 3 3 142 4 144 5 149 
2 5 2 1 253 6 261 6 3 3 176 4 178 5 183 
3 2 2 2 127 4 129 3 1 4 147 1 2 1 131 3 137 
3 7 2 4 88 5 93 4 2 2 69 3 75 5 2 1 50 6 58 
3 5 2 1 113 6 121 6 3 3 91 4 93 5 98 2 2 2 104 4 106 
2 8 2 5 170 6 178 6 3 3 186 4 188 5 193 
3 2 2 2 149 4 151 3 1 4 322 4 2 2 158 3 164 
3 4 2 2 154 3 160 3 1 4 125 5 2 1 195 6 203 
3 5 2 1 123 6 131 6 3 3 246 4 248 5 253 7 2 4 182 5 187 
2 4 2 2 124 3 130 7 2 4 52 5 57 
2 3 1 4 147 2 2 2 161 4 163 
2 3 1 4 126 5 2 1 171 6 179 
3 5 2 1 148 6 156 6 3 3 171 4 173 5 178 7 2 4 180 5 185 
2 8 2 5 235 6 243 5 2 1 143 6 151 
2 4 2 2 249 3 255 3 1 4 259 
2 6 3 3 230 4 232 5 237 5 2 1 271 6 279 
3 5 2 1 148 6 156 6 3 3 171 4 173 5 178 7 2 4 180 5 185 
2 7 2 4 152 5 157 8 2 5 155 6 163 
2 2 2 2 154 4 156 3 1 4 152 
2 3 1 4 182 4 2 2 224 3 230 
2 5 2 1 43 6 51 7 2 4 52 5 57 
2 6 3 3 156 4 158 5 163 8 2 5 175 6 183 
2 4 2 2 249 3 255 3 1 4 259 
2 6 3 3 230 4 232 5 237 5 2 1 271 6 279 
3 5 2 1 148 6 156 6 3 3 171 4 173 5 178 7 2 4 180 5 185 
2 7 2 4 152 5 157 8 2 5 155 6 163 
2 2 2 2 154 4 156 3 1 4 152 
2 3 1 4 182 4 2 2 224 3 230 
2 5 2 1 43 6 51 7 2 4 52 5 57 
2 6 3 3 156 4 158 5 163 8 2 5 175 6 183 
