6 7 5
3 3 3 3 3 3 
3 1 2 1 150 3 152 2 2 2 128 4 134 3 2 1 148 4 154 
3 4 2 2 145 3 147 2 2 2 135 4 141 1 2 1 126 3 128 
3 4 2 2 155 3 157 5 2 2 165 5 170 7 3 1 203 3 205 5 210 
2 1 2 1 217 3 219 3 2 1 153 4 159 
3 3 2 1 90 4 96 2 2 2 71 4 77 4 2 2 104 3 106 
3 5 2 2 183 5 188 6 2 4 101 5 106 7 3 1 153 3 155 5 160 
2 1 2 1 90 3 92 2 2 2 67 4 73 
3 7 3 1 148 3 150 5 155 3 2 1 183 4 189 4 2 2 110 3 112 
3 4 2 2 195 3 197 5 2 2 105 5 110 6 2 4 159 5 164 
2 1 2 1 90 3 92 2 2 2 70 4 76 
2 3 2 1 253 4 259 5 2 2 178 5 183 
2 4 2 2 150 3 152 6 2 4 142 5 147 
3 2 2 2 128 4 134 3 2 1 148 4 154 1 2 1 131 3 133 
3 3 2 1 89 4 95 4 2 2 70 3 72 5 2 2 52 5 57 
2 5 2 2 115 5 120 6 2 4 91 5 96 
3 2 2 2 150 4 156 3 2 1 323 4 329 4 2 2 159 3 161 
3 4 2 2 155 3 157 3 2 1 126 4 132 5 2 2 197 5 202 
3 5 2 2 125 5 130 6 2 4 246 5 251 7 3 1 183 3 185 5 190 
