20 10 6
12 13 11 11 14 11 14 13 11 12 10 11 11 10 12 14 13 11 13 13 
2 2 2 2 15 6 23 1 2 1 15 4 18 
1 8 2 3 19 6 27 
1 8 2 3 16 6 24 
1 1 2 1 14 4 17 
2 2 2 2 21 6 29 10 2 3 20 6 28 
2 9 2 2 11 4 14 2 2 2 17 6 25 
4 7 2 4 12 5 16 4 3 2 16 3 18 6 26 3 2 1 14 3 16 1 2 1 20 4 23 
2 5 2 1 23 5 27 1 2 1 11 4 14 
1 9 2 2 16 4 19 
1 4 3 2 21 3 23 6 31 
1 2 2 2 10 6 18 
5 7 2 4 12 5 16 9 2 2 14 4 17 4 3 2 11 3 13 6 21 8 2 3 16 6 24 6 1 5 20 
1 8 2 3 19 6 27 
2 5 2 1 10 5 14 4 3 2 16 3 18 6 26 
2 2 2 2 15 6 23 1 2 1 15 4 18 
2 5 2 1 13 5 17 8 2 3 10 6 18 
2 2 2 2 21 6 29 3 2 1 15 3 17 
4 1 2 1 12 4 15 5 2 1 18 5 22 10 2 3 17 6 25 6 1 5 16 
4 6 1 5 14 8 2 3 17 6 25 7 2 4 8 5 12 2 2 2 13 6 21 
2 5 2 1 23 5 27 1 2 1 11 4 14 
4 7 2 4 12 5 16 4 3 2 16 3 18 6 26 3 2 1 14 3 16 1 2 1 20 4 23 
1 1 2 1 14 4 17 
4 1 2 1 20 4 23 3 2 1 15 3 17 7 2 4 20 5 24 4 3 2 12 3 14 6 22 
1 4 3 2 21 3 23 6 31 
4 3 2 1 15 3 17 5 2 1 12 5 16 7 2 4 14 5 18 9 2 2 22 4 25 
4 6 1 5 14 8 2 3 17 6 25 7 2 4 8 5 12 2 2 2 13 6 21 
2 5 2 1 13 5 17 8 2 3 10 6 18 
2 2 2 2 21 6 29 10 2 3 20 6 28 
2 2 2 2 15 6 23 1 2 1 15 4 18 
5 7 2 4 12 5 16 9 2 2 14 4 17 4 3 2 11 3 13 6 21 8 2 3 16 6 24 6 1 5 20 
1 4 3 2 21 3 23 6 31 
2 5 2 1 23 5 27 1 2 1 11 4 14 
1 1 2 1 14 4 17 
2 5 2 1 10 5 14 4 3 2 16 3 18 6 26 
2 2 2 2 21 6 29 3 2 1 15 3 17 
1 3 2 1 18 3 20 
4 1 2 1 12 4 15 5 2 1 18 5 22 10 2 3 17 6 25 6 1 5 16 
2 5 2 1 23 5 27 1 2 1 11 4 14 
4 4 3 2 16 3 18 6 26 8 2 3 18 6 26 9 2 2 20 4 23 1 2 1 10 4 13 
1 8 2 3 16 6 24 
1 4 3 2 21 3 23 6 31 
1 8 2 3 19 6 27 
4 1 2 1 20 4 23 3 2 1 15 3 17 7 2 4 20 5 24 4 3 2 12 3 14 6 22 
4 10 2 3 8 6 16 8 2 3 15 6 23 5 2 1 9 5 13 2 2 2 13 6 21 
1 3 2 1 18 3 20 
4 7 2 4 12 5 16 4 3 2 16 3 18 6 26 3 2 1 14 3 16 1 2 1 20 4 23 
1 1 2 1 14 4 17 
1 8 2 3 19 6 27 
1 4 3 2 21 3 23 6 31 
1 5 2 1 13 5 17 
4 10 2 3 8 6 16 8 2 3 15 6 23 5 2 1 9 5 13 2 2 2 13 6 21 
4 1 2 1 20 4 23 3 2 1 15 3 17 7 2 4 20 5 24 4 3 2 12 3 14 6 22 
2 2 2 2 21 6 29 10 2 3 20 6 28 
4 6 1 5 14 8 2 3 17 6 25 7 2 4 8 5 12 2 2 2 13 6 21 
1 8 2 3 16 6 24 
2 5 2 1 10 5 14 4 3 2 16 3 18 6 26 
4 2 2 2 10 6 18 7 2 4 16 5 20 10 2 3 12 6 20 5 2 1 15 5 19 
5 7 2 4 12 5 16 9 2 2 14 4 17 4 3 2 11 3 13 6 21 8 2 3 16 6 24 6 1 5 20 
2 5 2 1 13 5 17 8 2 3 10 6 18 
4 1 2 1 12 4 15 5 2 1 18 5 22 10 2 3 17 6 25 6 1 5 16 
2 5 2 1 23 5 27 1 2 1 11 4 14 
4 2 2 2 10 6 18 7 2 4 16 5 20 10 2 3 12 6 20 5 2 1 15 5 19 
2 2 2 2 21 6 29 10 2 3 20 6 28 
1 1 2 1 14 4 17 
1 3 2 1 18 3 20 
1 5 2 1 13 5 17 
5 7 2 4 12 5 16 9 2 2 14 4 17 4 3 2 11 3 13 6 21 8 2 3 16 6 24 6 1 5 20 
1 8 2 3 19 6 27 
1 8 2 3 16 6 24 
1 2 2 2 10 6 18 
4 6 1 5 14 8 2 3 17 6 25 7 2 4 8 5 12 2 2 2 13 6 21 
4 4 3 2 16 3 18 6 26 8 2 3 18 6 26 9 2 2 20 4 23 1 2 1 10 4 13 
1 8 2 3 16 6 24 
1 8 2 3 19 6 27 
2 5 2 1 13 5 17 8 2 3 10 6 18 
1 4 3 2 21 3 23 6 31 
1 1 2 1 14 4 17 
4 2 2 2 10 6 18 7 2 4 16 5 20 10 2 3 12 6 20 5 2 1 15 5 19 
1 2 2 2 10 6 18 
2 5 2 1 10 5 14 4 3 2 16 3 18 6 26 
5 7 2 4 12 5 16 9 2 2 14 4 17 4 3 2 11 3 13 6 21 8 2 3 16 6 24 6 1 5 20 
4 4 3 2 16 3 18 6 26 8 2 3 18 6 26 9 2 2 20 4 23 1 2 1 10 4 13 
5 2 2 2 13 6 21 1 2 1 23 4 26 8 2 3 15 6 23 6 1 5 18 10 2 3 20 6 28 
4 6 1 5 14 8 2 3 17 6 25 7 2 4 8 5 12 2 2 2 13 6 21 
4 1 2 1 20 4 23 3 2 1 15 3 17 7 2 4 20 5 24 4 3 2 12 3 14 6 22 
2 2 2 2 21 6 29 10 2 3 20 6 28 
1 1 2 1 14 4 17 
4 10 2 3 8 6 16 8 2 3 15 6 23 5 2 1 9 5 13 2 2 2 13 6 21 
1 5 2 1 13 5 17 
4 7 2 4 12 5 16 4 3 2 16 3 18 6 26 3 2 1 14 3 16 1 2 1 20 4 23 
1 9 2 2 16 4 19 
4 2 2 2 10 6 18 7 2 4 16 5 20 10 2 3 12 6 20 5 2 1 15 5 19 
4 6 1 5 14 8 2 3 17 6 25 7 2 4 8 5 12 2 2 2 13 6 21 
1 2 2 2 10 6 18 
5 2 2 2 13 6 21 1 2 1 23 4 26 8 2 3 15 6 23 6 1 5 18 10 2 3 20 6 28 
5 7 2 4 12 5 16 9 2 2 14 4 17 4 3 2 11 3 13 6 21 8 2 3 16 6 24 6 1 5 20 
2 2 2 2 15 6 23 1 2 1 15 4 18 
4 1 2 1 20 4 23 3 2 1 15 3 17 7 2 4 20 5 24 4 3 2 12 3 14 6 22 
2 5 2 1 10 5 14 4 3 2 16 3 18 6 26 
1 8 2 3 19 6 27 
1 2 2 2 10 6 18 
1 1 2 1 14 4 17 
1 4 3 2 21 3 23 6 31 
2 5 2 1 10 5 14 4 3 2 16 3 18 6 26 
4 7 2 4 12 5 16 4 3 2 16 3 18 6 26 3 2 1 14 3 16 1 2 1 20 4 23 
5 2 2 2 13 6 21 1 2 1 23 4 26 8 2 3 15 6 23 6 1 5 18 10 2 3 20 6 28 
1 9 2 2 16 4 19 
2 9 2 2 11 4 14 2 2 2 17 6 25 
2 2 2 2 15 6 23 1 2 1 15 4 18 
2 5 2 1 13 5 17 8 2 3 10 6 18 
1 4 3 2 21 3 23 6 31 
4 4 3 2 16 3 18 6 26 8 2 3 18 6 26 9 2 2 20 4 23 1 2 1 10 4 13 
1 3 2 1 18 3 20 
4 2 2 2 10 6 18 7 2 4 16 5 20 10 2 3 12 6 20 5 2 1 15 5 19 
1 9 2 2 16 4 19 
5 7 2 4 12 5 16 9 2 2 14 4 17 4 3 2 11 3 13 6 21 8 2 3 16 6 24 6 1 5 20 
2 5 2 1 10 5 14 4 3 2 16 3 18 6 26 
4 1 2 1 20 4 23 3 2 1 15 3 17 7 2 4 20 5 24 4 3 2 12 3 14 6 22 
2 2 2 2 15 6 23 1 2 1 15 4 18 
2 2 2 2 21 6 29 3 2 1 15 3 17 
4 1 2 1 12 4 15 5 2 1 18 5 22 10 2 3 17 6 25 6 1 5 16 
1 1 2 1 14 4 17 
1 9 2 2 16 4 19 
1 5 2 1 13 5 17 
5 2 2 2 13 6 21 1 2 1 23 4 26 8 2 3 15 6 23 6 1 5 18 10 2 3 20 6 28 
1 4 3 2 21 3 23 6 31 
4 4 3 2 16 3 18 6 26 8 2 3 18 6 26 9 2 2 20 4 23 1 2 1 10 4 13 
2 5 2 1 13 5 17 8 2 3 10 6 18 
4 7 2 4 12 5 16 4 3 2 16 3 18 6 26 3 2 1 14 3 16 1 2 1 20 4 23 
1 3 2 1 18 3 20 
1 1 2 1 14 4 17 
4 1 2 1 20 4 23 3 2 1 15 3 17 7 2 4 20 5 24 4 3 2 12 3 14 6 22 
4 10 2 3 8 6 16 8 2 3 15 6 23 5 2 1 9 5 13 2 2 2 13 6 21 
4 4 3 2 16 3 18 6 26 8 2 3 18 6 26 9 2 2 20 4 23 1 2 1 10 4 13 
1 4 3 2 21 3 23 6 31 
2 9 2 2 11 4 14 2 2 2 17 6 25 
4 6 1 5 14 8 2 3 17 6 25 7 2 4 8 5 12 2 2 2 13 6 21 
4 7 2 4 12 5 16 4 3 2 16 3 18 6 26 3 2 1 14 3 16 1 2 1 20 4 23 
1 2 2 2 10 6 18 
1 8 2 3 16 6 24 
5 7 2 4 12 5 16 9 2 2 14 4 17 4 3 2 11 3 13 6 21 8 2 3 16 6 24 6 1 5 20 
2 5 2 1 10 5 14 4 3 2 16 3 18 6 26 
2 2 2 2 21 6 29 10 2 3 20 6 28 
1 2 2 2 10 6 18 
1 3 2 1 18 3 20 
2 9 2 2 11 4 14 2 2 2 17 6 25 
1 5 2 1 13 5 17 
4 2 2 2 10 6 18 7 2 4 16 5 20 10 2 3 12 6 20 5 2 1 15 5 19 
4 1 2 1 20 4 23 3 2 1 15 3 17 7 2 4 20 5 24 4 3 2 12 3 14 6 22 
2 2 2 2 15 6 23 1 2 1 15 4 18 
1 8 2 3 19 6 27 
2 5 2 1 23 5 27 1 2 1 11 4 14 
1 1 2 1 14 4 17 
4 7 2 4 12 5 16 4 3 2 16 3 18 6 26 3 2 1 14 3 16 1 2 1 20 4 23 
4 3 2 1 15 3 17 5 2 1 12 5 16 7 2 4 14 5 18 9 2 2 22 4 25 
1 1 2 1 14 4 17 
2 2 2 2 21 6 29 10 2 3 20 6 28 
2 2 2 2 15 6 23 1 2 1 15 4 18 
4 6 1 5 14 8 2 3 17 6 25 7 2 4 8 5 12 2 2 2 13 6 21 
4 4 3 2 16 3 18 6 26 8 2 3 18 6 26 9 2 2 20 4 23 1 2 1 10 4 13 
1 4 3 2 21 3 23 6 31 
4 1 2 1 20 4 23 3 2 1 15 3 17 7 2 4 20 5 24 4 3 2 12 3 14 6 22 
4 7 2 4 12 5 16 4 3 2 16 3 18 6 26 3 2 1 14 3 16 1 2 1 20 4 23 
2 2 2 2 21 6 29 3 2 1 15 3 17 
1 1 2 1 14 4 17 
4 4 3 2 16 3 18 6 26 8 2 3 18 6 26 9 2 2 20 4 23 1 2 1 10 4 13 
4 2 2 2 10 6 18 7 2 4 16 5 20 10 2 3 12 6 20 5 2 1 15 5 19 
5 2 2 2 13 6 21 1 2 1 23 4 26 8 2 3 15 6 23 6 1 5 18 10 2 3 20 6 28 
2 5 2 1 10 5 14 4 3 2 16 3 18 6 26 
2 9 2 2 11 4 14 2 2 2 17 6 25 
1 2 2 2 10 6 18 
4 10 2 3 8 6 16 8 2 3 15 6 23 5 2 1 9 5 13 2 2 2 13 6 21 
1 4 3 2 21 3 23 6 31 
2 2 2 2 21 6 29 3 2 1 15 3 17 
2 2 2 2 15 6 23 1 2 1 15 4 18 
4 6 1 5 14 8 2 3 17 6 25 7 2 4 8 5 12 2 2 2 13 6 21 
1 8 2 3 19 6 27 
4 4 3 2 16 3 18 6 26 8 2 3 18 6 26 9 2 2 20 4 23 1 2 1 10 4 13 
1 3 2 1 18 3 20 
2 9 2 2 11 4 14 2 2 2 17 6 25 
1 8 2 3 16 6 24 
4 6 1 5 14 8 2 3 17 6 25 7 2 4 8 5 12 2 2 2 13 6 21 
4 7 2 4 12 5 16 4 3 2 16 3 18 6 26 3 2 1 14 3 16 1 2 1 20 4 23 
4 2 2 2 10 6 18 7 2 4 16 5 20 10 2 3 12 6 20 5 2 1 15 5 19 
4 1 2 1 12 4 15 5 2 1 18 5 22 10 2 3 17 6 25 6 1 5 16 
2 2 2 2 15 6 23 1 2 1 15 4 18 
1 4 3 2 21 3 23 6 31 
4 3 2 1 15 3 17 5 2 1 12 5 16 7 2 4 14 5 18 9 2 2 22 4 25 
2 5 2 1 23 5 27 1 2 1 11 4 14 
4 10 2 3 8 6 16 8 2 3 15 6 23 5 2 1 9 5 13 2 2 2 13 6 21 
5 2 2 2 13 6 21 1 2 1 23 4 26 8 2 3 15 6 23 6 1 5 18 10 2 3 20 6 28 
1 9 2 2 16 4 19 
4 7 2 4 12 5 16 4 3 2 16 3 18 6 26 3 2 1 14 3 16 1 2 1 20 4 23 
1 8 2 3 19 6 27 
4 10 2 3 8 6 16 8 2 3 15 6 23 5 2 1 9 5 13 2 2 2 13 6 21 
2 5 2 1 10 5 14 4 3 2 16 3 18 6 26 
1 1 2 1 14 4 17 
4 6 1 5 14 8 2 3 17 6 25 7 2 4 8 5 12 2 2 2 13 6 21 
2 2 2 2 15 6 23 1 2 1 15 4 18 
2 2 2 2 21 6 29 10 2 3 20 6 28 
4 1 2 1 20 4 23 3 2 1 15 3 17 7 2 4 20 5 24 4 3 2 12 3 14 6 22 
1 3 2 1 18 3 20 
2 5 2 1 23 5 27 1 2 1 11 4 14 
5 2 2 2 13 6 21 1 2 1 23 4 26 8 2 3 15 6 23 6 1 5 18 10 2 3 20 6 28 
5 7 2 4 12 5 16 9 2 2 14 4 17 4 3 2 11 3 13 6 21 8 2 3 16 6 24 6 1 5 20 
2 5 2 1 10 5 14 4 3 2 16 3 18 6 26 
4 10 2 3 8 6 16 8 2 3 15 6 23 5 2 1 9 5 13 2 2 2 13 6 21 
1 3 2 1 18 3 20 
4 3 2 1 15 3 17 5 2 1 12 5 16 7 2 4 14 5 18 9 2 2 22 4 25 
1 9 2 2 16 4 19 
2 2 2 2 15 6 23 1 2 1 15 4 18 
4 2 2 2 10 6 18 7 2 4 16 5 20 10 2 3 12 6 20 5 2 1 15 5 19 
1 8 2 3 16 6 24 
4 1 2 1 12 4 15 5 2 1 18 5 22 10 2 3 17 6 25 6 1 5 16 
1 3 2 1 18 3 20 
2 2 2 2 15 6 23 1 2 1 15 4 18 
4 7 2 4 12 5 16 4 3 2 16 3 18 6 26 3 2 1 14 3 16 1 2 1 20 4 23 
2 2 2 2 21 6 29 10 2 3 20 6 28 
2 2 2 2 21 6 29 3 2 1 15 3 17 
4 4 3 2 16 3 18 6 26 8 2 3 18 6 26 9 2 2 20 4 23 1 2 1 10 4 13 
4 1 2 1 20 4 23 3 2 1 15 3 17 7 2 4 20 5 24 4 3 2 12 3 14 6 22 
4 2 2 2 10 6 18 7 2 4 16 5 20 10 2 3 12 6 20 5 2 1 15 5 19 
4 10 2 3 8 6 16 8 2 3 15 6 23 5 2 1 9 5 13 2 2 2 13 6 21 
2 5 2 1 13 5 17 8 2 3 10 6 18 
1 2 2 2 10 6 18 
4 6 1 5 14 8 2 3 17 6 25 7 2 4 8 5 12 2 2 2 13 6 21 
1 5 2 1 13 5 17 
4 1 2 1 20 4 23 3 2 1 15 3 17 7 2 4 20 5 24 4 3 2 12 3 14 6 22 
4 2 2 2 10 6 18 7 2 4 16 5 20 10 2 3 12 6 20 5 2 1 15 5 19 
4 6 1 5 14 8 2 3 17 6 25 7 2 4 8 5 12 2 2 2 13 6 21 
1 3 2 1 18 3 20 
2 5 2 1 10 5 14 4 3 2 16 3 18 6 26 
4 4 3 2 16 3 18 6 26 8 2 3 18 6 26 9 2 2 20 4 23 1 2 1 10 4 13 
1 5 2 1 13 5 17 
1 1 2 1 14 4 17 
1 8 2 3 19 6 27 
2 9 2 2 11 4 14 2 2 2 17 6 25 
5 2 2 2 13 6 21 1 2 1 23 4 26 8 2 3 15 6 23 6 1 5 18 10 2 3 20 6 28 
2 2 2 2 21 6 29 3 2 1 15 3 17 
2 2 2 2 21 6 29 10 2 3 20 6 28 
