20 10 6
10 12 14 10 12 10 12 11 14 11 11 10 11 11 11 11 13 11 10 10 
2 7 2 4 21 5 25 4 3 2 10 3 12 6 20 
2 5 2 1 11 5 15 7 2 4 10 5 14 
1 3 2 1 23 3 25 
1 7 2 4 17 5 21 
2 4 3 2 10 3 12 6 20 10 2 3 14 6 22 
1 1 2 1 14 4 17 
1 10 2 3 20 6 28 
2 7 2 4 13 5 17 8 2 3 21 6 29 
2 3 2 1 15 3 17 8 2 3 11 6 19 
2 3 2 1 9 3 11 8 2 3 14 6 22 
1 2 2 2 10 6 18 
2 7 2 4 21 5 25 4 3 2 10 3 12 6 20 
2 3 2 1 9 3 11 8 2 3 14 6 22 
1 1 2 1 14 4 17 
1 10 2 3 21 6 29 
2 3 2 1 19 3 21 4 3 2 24 3 26 6 34 
1 7 2 4 17 5 21 
1 5 2 1 13 5 17 
2 5 2 1 18 5 22 9 2 2 10 4 13 
1 1 2 1 23 4 26 
2 7 2 4 13 5 17 8 2 3 21 6 29 
1 1 2 1 20 4 23 
2 5 2 1 18 5 22 9 2 2 10 4 13 
1 1 2 1 23 4 26 
1 1 2 1 14 4 17 
1 3 2 1 23 3 25 
2 7 2 4 21 5 25 4 3 2 10 3 12 6 20 
2 4 3 2 10 3 12 6 20 10 2 3 14 6 22 
2 3 2 1 9 3 11 8 2 3 14 6 22 
1 10 2 3 12 6 20 
1 5 2 1 13 5 17 
1 1 2 1 11 4 14 
2 7 2 4 13 5 17 8 2 3 21 6 29 
1 1 2 1 14 4 17 
1 10 2 3 21 6 29 
1 10 2 3 20 6 28 
1 10 2 3 12 6 20 
2 5 2 1 11 5 15 7 2 4 10 5 14 
1 7 2 4 17 5 21 
1 1 2 1 14 4 17 
1 10 2 3 20 6 28 
2 3 2 1 19 3 21 7 2 4 16 5 20 
2 10 2 3 16 6 24 5 2 1 11 5 15 
2 3 2 1 15 3 17 8 2 3 11 6 19 
1 9 2 2 16 4 19 
1 5 2 1 13 5 17 
1 5 2 1 13 5 17 
2 5 2 1 18 5 22 9 2 2 10 4 13 
2 7 2 4 21 5 25 4 3 2 10 3 12 6 20 
2 3 2 1 15 3 17 8 2 3 11 6 19 
1 1 2 1 14 4 17 
1 9 2 2 16 4 19 
1 1 2 1 11 4 14 
1 7 2 4 17 5 21 
2 4 3 2 10 3 12 6 20 10 2 3 14 6 22 
2 3 2 1 19 3 21 4 3 2 24 3 26 6 34 
1 8 2 3 20 6 28 
1 10 2 3 21 6 29 
2 3 2 1 19 3 21 7 2 4 16 5 20 
1 3 2 1 23 3 25 
1 5 2 1 13 5 17 
1 10 2 3 21 6 29 
2 3 2 1 9 3 11 8 2 3 14 6 22 
2 7 2 4 21 5 25 4 3 2 10 3 12 6 20 
2 8 2 3 16 6 24 10 2 3 11 6 19 
2 4 3 2 10 3 12 6 20 10 2 3 14 6 22 
1 10 2 3 20 6 28 
1 1 2 1 11 4 14 
1 1 2 1 14 4 17 
1 10 2 3 20 6 28 
1 1 2 1 11 4 14 
1 5 2 1 13 5 17 
2 8 2 3 16 6 24 10 2 3 11 6 19 
2 7 2 4 13 5 17 8 2 3 21 6 29 
2 3 2 1 19 3 21 4 3 2 24 3 26 6 34 
2 10 2 3 16 6 24 5 2 1 11 5 15 
1 8 2 3 20 6 28 
1 10 2 3 21 6 29 
1 1 2 1 23 4 26 
1 1 2 1 14 4 17 
1 1 2 1 14 4 17 
1 7 2 4 17 5 21 
1 1 2 1 14 4 17 
2 3 2 1 19 3 21 4 3 2 24 3 26 6 34 
2 5 2 1 18 5 22 9 2 2 10 4 13 
2 7 2 4 21 5 25 4 3 2 10 3 12 6 20 
1 3 2 1 23 3 25 
1 1 2 1 23 4 26 
2 4 3 2 10 3 12 6 20 10 2 3 14 6 22 
1 5 2 1 13 5 17 
1 10 2 3 21 6 29 
2 7 2 4 13 5 17 8 2 3 21 6 29 
2 8 2 3 16 6 24 10 2 3 11 6 19 
1 1 2 1 23 4 26 
1 10 2 3 21 6 29 
2 10 2 3 16 6 24 5 2 1 11 5 15 
1 2 2 2 10 6 18 
2 4 3 2 10 3 12 6 20 10 2 3 14 6 22 
2 5 2 1 11 5 15 7 2 4 10 5 14 
1 1 2 1 20 4 23 
1 1 2 1 11 4 14 
1 9 2 2 16 4 19 
1 3 2 1 23 3 25 
1 1 2 1 14 4 17 
1 10 2 3 20 6 28 
1 10 2 3 21 6 29 
2 10 2 3 16 6 24 5 2 1 11 5 15 
1 8 2 3 20 6 28 
2 3 2 1 15 3 17 8 2 3 11 6 19 
1 1 2 1 11 4 14 
1 1 2 1 14 4 17 
2 5 2 1 18 5 22 9 2 2 10 4 13 
2 3 2 1 19 3 21 4 3 2 24 3 26 6 34 
1 10 2 3 20 6 28 
1 3 2 1 23 3 25 
1 1 2 1 23 4 26 
2 5 2 1 18 5 22 9 2 2 10 4 13 
1 1 2 1 14 4 17 
1 8 2 3 20 6 28 
2 3 2 1 19 3 21 4 3 2 24 3 26 6 34 
2 7 2 4 13 5 17 8 2 3 21 6 29 
2 3 2 1 9 3 11 8 2 3 14 6 22 
2 3 2 1 15 3 17 8 2 3 11 6 19 
2 8 2 3 16 6 24 10 2 3 11 6 19 
1 10 2 3 12 6 20 
1 9 2 2 16 4 19 
1 3 2 1 23 3 25 
1 10 2 3 21 6 29 
2 3 2 1 15 3 17 8 2 3 11 6 19 
2 5 2 1 11 5 15 7 2 4 10 5 14 
1 1 2 1 20 4 23 
1 7 2 4 17 5 21 
2 7 2 4 21 5 25 4 3 2 10 3 12 6 20 
2 4 3 2 10 3 12 6 20 10 2 3 14 6 22 
1 1 2 1 14 4 17 
1 8 2 3 20 6 28 
2 5 2 1 18 5 22 9 2 2 10 4 13 
2 10 2 3 16 6 24 5 2 1 11 5 15 
1 10 2 3 21 6 29 
2 7 2 4 13 5 17 8 2 3 21 6 29 
2 3 2 1 19 3 21 4 3 2 24 3 26 6 34 
1 1 2 1 23 4 26 
1 8 2 3 20 6 28 
2 8 2 3 16 6 24 10 2 3 11 6 19 
2 3 2 1 15 3 17 8 2 3 11 6 19 
1 10 2 3 20 6 28 
2 5 2 1 18 5 22 9 2 2 10 4 13 
1 2 2 2 10 6 18 
1 1 2 1 14 4 17 
2 5 2 1 11 5 15 7 2 4 10 5 14 
1 1 2 1 14 4 17 
1 9 2 2 16 4 19 
1 7 2 4 17 5 21 
2 3 2 1 19 3 21 7 2 4 16 5 20 
2 8 2 3 16 6 24 10 2 3 11 6 19 
1 1 2 1 20 4 23 
2 3 2 1 9 3 11 8 2 3 14 6 22 
2 5 2 1 18 5 22 9 2 2 10 4 13 
1 2 2 2 10 6 18 
2 5 2 1 18 5 22 9 2 2 10 4 13 
2 5 2 1 11 5 15 7 2 4 10 5 14 
1 7 2 4 17 5 21 
1 10 2 3 12 6 20 
2 7 2 4 13 5 17 8 2 3 21 6 29 
2 3 2 1 19 3 21 4 3 2 24 3 26 6 34 
2 7 2 4 21 5 25 4 3 2 10 3 12 6 20 
1 1 2 1 11 4 14 
2 3 2 1 15 3 17 8 2 3 11 6 19 
1 1 2 1 23 4 26 
1 8 2 3 20 6 28 
1 2 2 2 10 6 18 
2 7 2 4 13 5 17 8 2 3 21 6 29 
1 10 2 3 12 6 20 
1 9 2 2 16 4 19 
1 8 2 3 20 6 28 
2 10 2 3 16 6 24 5 2 1 11 5 15 
2 5 2 1 18 5 22 9 2 2 10 4 13 
1 1 2 1 14 4 17 
1 1 2 1 23 4 26 
2 3 2 1 19 3 21 7 2 4 16 5 20 
2 8 2 3 16 6 24 10 2 3 11 6 19 
1 10 2 3 12 6 20 
2 5 2 1 18 5 22 9 2 2 10 4 13 
1 5 2 1 13 5 17 
1 10 2 3 21 6 29 
1 1 2 1 14 4 17 
2 3 2 1 9 3 11 8 2 3 14 6 22 
1 2 2 2 10 6 18 
2 10 2 3 16 6 24 5 2 1 11 5 15 
1 1 2 1 14 4 17 
2 8 2 3 16 6 24 10 2 3 11 6 19 
2 3 2 1 19 3 21 7 2 4 16 5 20 
1 1 2 1 20 4 23 
1 7 2 4 17 5 21 
2 3 2 1 19 3 21 7 2 4 16 5 20 
1 2 2 2 10 6 18 
1 10 2 3 21 6 29 
1 3 2 1 23 3 25 
1 8 2 3 20 6 28 
1 1 2 1 11 4 14 
1 5 2 1 13 5 17 
1 7 2 4 17 5 21 
2 7 2 4 21 5 25 4 3 2 10 3 12 6 20 
1 1 2 1 14 4 17 
2 5 2 1 18 5 22 9 2 2 10 4 13 
2 7 2 4 13 5 17 8 2 3 21 6 29 
1 2 2 2 10 6 18 
2 3 2 1 15 3 17 8 2 3 11 6 19 
1 9 2 2 16 4 19 
2 4 3 2 10 3 12 6 20 10 2 3 14 6 22 
1 10 2 3 20 6 28 
2 7 2 4 21 5 25 4 3 2 10 3 12 6 20 
2 8 2 3 16 6 24 10 2 3 11 6 19 
2 3 2 1 9 3 11 8 2 3 14 6 22 
1 10 2 3 21 6 29 
1 10 2 3 20 6 28 
1 10 2 3 12 6 20 
1 7 2 4 17 5 21 
1 9 2 2 16 4 19 
2 3 2 1 19 3 21 7 2 4 16 5 20 
1 2 2 2 10 6 18 
2 8 2 3 16 6 24 10 2 3 11 6 19 
2 3 2 1 9 3 11 8 2 3 14 6 22 
1 5 2 1 13 5 17 
1 1 2 1 20 4 23 
