15 8 6
8 7 6 5 7 9 5 6 9 5 4 6 4 3 6 
1 1 2 1 9 3 15 
2 1 2 1 9 3 15 7 2 4 11 5 16 
2 6 3 3 13 4 15 5 20 3 1 4 3 
2 4 2 2 6 3 12 7 2 4 7 5 12 
3 1 2 1 11 3 17 3 1 4 11 8 2 5 14 6 22 
3 2 2 2 7 4 9 4 2 2 12 3 18 3 1 4 4 
2 5 2 1 8 6 16 6 3 3 13 4 15 5 20 
2 6 3 3 7 4 9 5 14 4 2 2 11 3 17 
1 6 3 3 7 4 9 5 14 
2 6 3 3 7 4 9 5 14 4 2 2 11 3 17 
1 1 2 1 9 3 15 
2 6 3 3 13 4 15 5 20 3 1 4 3 
3 2 2 2 7 4 9 4 2 2 12 3 18 3 1 4 4 
1 6 3 3 8 4 10 5 15 
1 7 2 4 4 5 9 
1 6 3 3 7 4 9 5 14 
3 2 2 2 7 4 9 4 2 2 12 3 18 3 1 4 4 
3 3 1 4 4 7 2 4 3 5 8 4 2 2 8 3 14 
2 4 2 2 6 3 12 7 2 4 7 5 12 
2 1 2 1 10 3 16 3 1 4 9 
2 4 2 2 8 3 14 3 1 4 3 
1 7 2 4 4 5 9 
1 1 2 1 9 3 15 
2 1 2 1 9 3 15 7 2 4 11 5 16 
2 6 3 3 13 4 15 5 20 3 1 4 3 
2 4 2 2 9 3 15 5 2 1 10 6 18 
1 7 2 4 4 5 9 
2 1 2 1 9 3 15 7 2 4 11 5 16 
2 4 2 2 8 3 14 3 1 4 3 
3 1 2 1 11 3 17 3 1 4 11 8 2 5 14 6 22 
2 1 2 1 10 3 16 3 1 4 9 
3 2 2 2 7 4 9 4 2 2 12 3 18 3 1 4 4 
2 4 2 2 9 3 15 5 2 1 10 6 18 
1 6 3 3 8 4 10 5 15 
2 4 2 2 8 3 14 3 1 4 3 
3 3 1 4 4 7 2 4 3 5 8 4 2 2 8 3 14 
2 6 3 3 7 4 9 5 14 4 2 2 11 3 17 
2 4 2 2 9 3 15 5 2 1 10 6 18 
3 1 2 1 11 3 17 3 1 4 11 8 2 5 14 6 22 
2 1 2 1 10 3 16 3 1 4 9 
1 6 3 3 7 4 9 5 14 
2 1 2 1 9 3 15 7 2 4 11 5 16 
2 5 2 1 8 6 16 6 3 3 13 4 15 5 20 
2 1 2 1 10 3 16 3 1 4 9 
2 6 3 3 7 4 9 5 14 4 2 2 11 3 17 
1 6 3 3 8 4 10 5 15 
2 6 3 3 13 4 15 5 20 3 1 4 3 
2 4 2 2 9 3 15 5 2 1 10 6 18 
2 5 2 1 8 6 16 6 3 3 13 4 15 5 20 
3 2 2 2 7 4 9 4 2 2 12 3 18 3 1 4 4 
1 6 3 3 8 4 10 5 15 
1 6 3 3 7 4 9 5 14 
2 1 2 1 9 3 15 7 2 4 11 5 16 
1 1 2 1 9 3 15 
2 1 2 1 9 3 15 7 2 4 11 5 16 
2 4 2 2 8 3 14 3 1 4 3 
3 1 2 1 11 3 17 3 1 4 11 8 2 5 14 6 22 
2 4 2 2 6 3 12 7 2 4 7 5 12 
2 6 3 3 7 4 9 5 14 4 2 2 11 3 17 
1 7 2 4 4 5 9 
2 1 2 1 10 3 16 3 1 4 9 
3 2 2 2 7 4 9 4 2 2 12 3 18 3 1 4 4 
2 5 2 1 8 6 16 6 3 3 13 4 15 5 20 
1 1 2 1 9 3 15 
1 7 2 4 4 5 9 
2 4 2 2 9 3 15 5 2 1 10 6 18 
2 1 2 1 9 3 15 7 2 4 11 5 16 
3 1 2 1 11 3 17 3 1 4 11 8 2 5 14 6 22 
1 1 2 1 9 3 15 
3 2 2 2 7 4 9 4 2 2 12 3 18 3 1 4 4 
2 4 2 2 6 3 12 7 2 4 7 5 12 
2 4 2 2 6 3 12 7 2 4 7 5 12 
1 6 3 3 7 4 9 5 14 
1 1 2 1 9 3 15 
2 1 2 1 10 3 16 3 1 4 9 
3 1 2 1 11 3 17 3 1 4 11 8 2 5 14 6 22 
1 7 2 4 4 5 9 
1 6 3 3 8 4 10 5 15 
2 6 3 3 13 4 15 5 20 3 1 4 3 
2 6 3 3 7 4 9 5 14 4 2 2 11 3 17 
2 5 2 1 8 6 16 6 3 3 13 4 15 5 20 
2 5 2 1 8 6 16 6 3 3 13 4 15 5 20 
1 6 3 3 7 4 9 5 14 
2 4 2 2 6 3 12 7 2 4 7 5 12 
2 4 2 2 9 3 15 5 2 1 10 6 18 
1 7 2 4 4 5 9 
3 1 2 1 11 3 17 3 1 4 11 8 2 5 14 6 22 
3 2 2 2 7 4 9 4 2 2 12 3 18 3 1 4 4 
3 3 1 4 4 7 2 4 3 5 8 4 2 2 8 3 14 
1 1 2 1 9 3 15 
