10 6 4
6 6 6 6 6 6 5 6 5 6 
6 3 2 1 6 4 12 4 2 2 10 3 12 1 2 1 6 3 8 6 2 3 8 4 14 2 2 2 7 4 13 5 2 1 6 2 11 
2 6 2 3 7 4 13 3 2 1 7 4 13 
6 1 2 1 4 3 6 5 2 1 9 2 14 3 2 1 6 4 12 4 2 2 8 3 10 2 2 2 11 4 17 6 2 3 7 4 13 
1 2 2 2 11 4 17 
2 6 2 3 5 4 11 5 2 1 9 2 14 
3 3 2 1 5 4 11 2 2 2 6 4 12 5 2 1 7 2 12 
5 6 2 3 3 4 9 5 2 1 9 2 14 1 2 1 6 3 8 2 2 2 9 4 15 4 2 2 7 3 9 
2 6 2 3 5 4 11 5 2 1 9 2 14 
1 5 2 1 5 2 10 
2 2 2 2 9 4 15 3 2 1 6 4 12 
3 3 2 1 5 4 11 2 2 2 6 4 12 5 2 1 7 2 12 
6 3 2 1 6 4 12 4 2 2 10 3 12 1 2 1 6 3 8 6 2 3 8 4 14 2 2 2 7 4 13 5 2 1 6 2 11 
6 1 2 1 4 3 6 5 2 1 9 2 14 3 2 1 6 4 12 4 2 2 8 3 10 2 2 2 11 4 17 6 2 3 7 4 13 
6 5 2 1 6 2 11 4 2 2 11 3 13 2 2 2 9 4 15 6 2 3 8 4 14 3 2 1 9 4 15 1 2 1 5 3 7 
3 3 2 1 5 4 11 2 2 2 6 4 12 5 2 1 7 2 12 
5 3 2 1 8 4 14 1 2 1 7 3 9 2 2 2 8 4 14 6 2 3 5 4 11 5 2 1 5 2 10 
6 4 2 2 6 3 8 1 2 1 8 3 10 2 2 2 9 4 15 5 2 1 8 2 13 3 2 1 6 4 12 6 2 3 5 4 11 
5 6 2 3 5 4 11 1 2 1 7 3 9 4 2 2 11 3 13 3 2 1 9 4 15 5 2 1 6 2 11 
5 3 2 1 8 4 14 1 2 1 7 3 9 2 2 2 8 4 14 6 2 3 5 4 11 5 2 1 5 2 10 
5 6 2 3 3 4 9 5 2 1 9 2 14 1 2 1 6 3 8 2 2 2 9 4 15 4 2 2 7 3 9 
1 2 2 2 11 4 17 
6 1 2 1 4 3 6 5 2 1 9 2 14 3 2 1 6 4 12 4 2 2 8 3 10 2 2 2 11 4 17 6 2 3 7 4 13 
5 1 2 1 7 3 9 4 2 2 10 3 12 2 2 2 8 4 14 6 2 3 5 4 11 5 2 1 7 2 12 
6 4 2 2 6 3 8 1 2 1 8 3 10 2 2 2 9 4 15 5 2 1 8 2 13 3 2 1 6 4 12 6 2 3 5 4 11 
6 5 2 1 6 2 11 4 2 2 11 3 13 2 2 2 9 4 15 6 2 3 8 4 14 3 2 1 9 4 15 1 2 1 5 3 7 
5 1 2 1 7 3 9 4 2 2 10 3 12 2 2 2 8 4 14 6 2 3 5 4 11 5 2 1 7 2 12 
1 4 2 2 8 3 10 
5 6 2 3 5 4 11 1 2 1 7 3 9 4 2 2 11 3 13 3 2 1 9 4 15 5 2 1 6 2 11 
5 6 2 3 3 4 9 5 2 1 9 2 14 1 2 1 6 3 8 2 2 2 9 4 15 4 2 2 7 3 9 
2 2 2 2 9 4 15 3 2 1 6 4 12 
5 6 2 3 5 4 11 1 2 1 7 3 9 4 2 2 11 3 13 3 2 1 9 4 15 5 2 1 6 2 11 
2 6 2 3 7 4 13 3 2 1 7 4 13 
5 3 2 1 8 4 14 1 2 1 7 3 9 2 2 2 8 4 14 6 2 3 5 4 11 5 2 1 5 2 10 
6 5 2 1 6 2 11 4 2 2 11 3 13 2 2 2 9 4 15 6 2 3 8 4 14 3 2 1 9 4 15 1 2 1 5 3 7 
1 2 2 2 11 4 17 
5 6 2 3 3 4 9 5 2 1 9 2 14 1 2 1 6 3 8 2 2 2 9 4 15 4 2 2 7 3 9 
6 4 2 2 6 3 8 1 2 1 8 3 10 2 2 2 9 4 15 5 2 1 8 2 13 3 2 1 6 4 12 6 2 3 5 4 11 
1 5 2 1 5 2 10 
6 5 2 1 6 2 11 4 2 2 11 3 13 2 2 2 9 4 15 6 2 3 8 4 14 3 2 1 9 4 15 1 2 1 5 3 7 
6 3 2 1 6 4 12 4 2 2 10 3 12 1 2 1 6 3 8 6 2 3 8 4 14 2 2 2 7 4 13 5 2 1 6 2 11 
5 6 2 3 5 4 11 1 2 1 7 3 9 4 2 2 11 3 13 3 2 1 9 4 15 5 2 1 6 2 11 
2 2 2 2 9 4 15 3 2 1 6 4 12 
5 3 2 1 8 4 14 1 2 1 7 3 9 2 2 2 8 4 14 6 2 3 5 4 11 5 2 1 5 2 10 
6 5 2 1 6 2 11 4 2 2 11 3 13 2 2 2 9 4 15 6 2 3 8 4 14 3 2 1 9 4 15 1 2 1 5 3 7 
5 6 2 3 5 4 11 1 2 1 7 3 9 4 2 2 11 3 13 3 2 1 9 4 15 5 2 1 6 2 11 
5 1 2 1 7 3 9 4 2 2 10 3 12 2 2 2 8 4 14 6 2 3 5 4 11 5 2 1 7 2 12 
5 6 2 3 3 4 9 5 2 1 9 2 14 1 2 1 6 3 8 2 2 2 9 4 15 4 2 2 7 3 9 
1 2 2 2 11 4 17 
2 6 2 3 7 4 13 3 2 1 7 4 13 
5 6 2 3 3 4 9 5 2 1 9 2 14 1 2 1 6 3 8 2 2 2 9 4 15 4 2 2 7 3 9 
5 1 2 1 7 3 9 4 2 2 10 3 12 2 2 2 8 4 14 6 2 3 5 4 11 5 2 1 7 2 12 
2 2 2 2 9 4 15 3 2 1 6 4 12 
1 4 2 2 8 3 10 
6 5 2 1 6 2 11 4 2 2 11 3 13 2 2 2 9 4 15 6 2 3 8 4 14 3 2 1 9 4 15 1 2 1 5 3 7 
5 6 2 3 5 4 11 1 2 1 7 3 9 4 2 2 11 3 13 3 2 1 9 4 15 5 2 1 6 2 11 
6 4 2 2 6 3 8 1 2 1 8 3 10 2 2 2 9 4 15 5 2 1 8 2 13 3 2 1 6 4 12 6 2 3 5 4 11 
2 6 2 3 5 4 11 5 2 1 9 2 14 
5 6 2 3 3 4 9 5 2 1 9 2 14 1 2 1 6 3 8 2 2 2 9 4 15 4 2 2 7 3 9 
