10 15 8
15 15 15 15 15 15 15 15 15 15 
4 2 2 2 13 4 17 6 2 3 6 5 9 7 2 2 7 5 10 9 2 4 9 7 12 
2 9 2 4 11 7 14 1 2 1 4 8 10 
5 7 2 2 9 5 12 1 2 1 6 8 12 9 2 4 5 7 8 2 2 2 12 4 16 10 3 1 6 6 13 8 19 
2 1 2 1 3 8 9 8 3 1 4 5 7 6 14 
3 7 2 2 10 5 13 3 2 3 11 8 17 5 1 6 15 
5 1 2 1 5 8 11 8 3 1 10 5 13 6 20 2 2 2 10 4 14 3 2 3 11 8 17 10 3 1 11 6 18 8 24 
3 5 1 6 13 1 2 1 3 8 9 6 2 3 5 5 8 
5 2 2 2 10 4 14 1 2 1 11 8 17 9 2 4 5 7 8 5 1 6 14 4 2 3 9 7 12 
2 10 3 1 8 6 15 8 21 1 2 1 4 8 10 
2 7 2 2 14 5 17 5 1 6 13 
2 4 2 3 11 7 14 7 2 2 7 5 10 
5 2 2 2 6 4 10 5 1 6 15 4 2 3 5 7 8 1 2 1 10 8 16 3 2 3 10 8 16 
3 10 3 1 4 6 11 8 17 8 3 1 11 5 14 6 21 4 2 3 8 7 11 
3 7 2 2 10 5 13 3 2 3 10 8 16 9 2 4 7 7 10 
3 9 2 4 8 7 11 5 1 6 15 1 2 1 3 8 9 
5 1 2 1 5 8 11 8 3 1 10 5 13 6 20 2 2 2 10 4 14 3 2 3 11 8 17 10 3 1 11 6 18 8 24 
5 7 2 2 9 5 12 1 2 1 6 8 12 9 2 4 5 7 8 2 2 2 12 4 16 10 3 1 6 6 13 8 19 
3 5 1 6 13 1 2 1 3 8 9 6 2 3 5 5 8 
5 2 2 2 6 4 10 5 1 6 15 4 2 3 5 7 8 1 2 1 10 8 16 3 2 3 10 8 16 
2 4 2 3 11 7 14 7 2 2 7 5 10 
2 10 3 1 8 6 15 8 21 1 2 1 4 8 10 
3 10 3 1 4 6 11 8 17 8 3 1 11 5 14 6 21 4 2 3 8 7 11 
2 7 2 2 14 5 17 5 1 6 13 
3 7 2 2 10 5 13 3 2 3 10 8 16 9 2 4 7 7 10 
3 7 2 2 10 5 13 3 2 3 11 8 17 5 1 6 15 
3 9 2 4 8 7 11 5 1 6 15 1 2 1 3 8 9 
2 9 2 4 11 7 14 1 2 1 4 8 10 
2 1 2 1 3 8 9 8 3 1 4 5 7 6 14 
4 2 2 2 13 4 17 6 2 3 6 5 9 7 2 2 7 5 10 9 2 4 9 7 12 
5 2 2 2 10 4 14 1 2 1 11 8 17 9 2 4 5 7 8 5 1 6 14 4 2 3 9 7 12 
2 1 2 1 3 8 9 8 3 1 4 5 7 6 14 
2 7 2 2 14 5 17 5 1 6 13 
2 10 3 1 8 6 15 8 21 1 2 1 4 8 10 
2 4 2 3 11 7 14 7 2 2 7 5 10 
5 2 2 2 6 4 10 5 1 6 15 4 2 3 5 7 8 1 2 1 10 8 16 3 2 3 10 8 16 
3 9 2 4 8 7 11 5 1 6 15 1 2 1 3 8 9 
2 9 2 4 11 7 14 1 2 1 4 8 10 
3 7 2 2 10 5 13 3 2 3 10 8 16 9 2 4 7 7 10 
5 7 2 2 9 5 12 1 2 1 6 8 12 9 2 4 5 7 8 2 2 2 12 4 16 10 3 1 6 6 13 8 19 
4 2 2 2 13 4 17 6 2 3 6 5 9 7 2 2 7 5 10 9 2 4 9 7 12 
5 1 2 1 5 8 11 8 3 1 10 5 13 6 20 2 2 2 10 4 14 3 2 3 11 8 17 10 3 1 11 6 18 8 24 
3 10 3 1 4 6 11 8 17 8 3 1 11 5 14 6 21 4 2 3 8 7 11 
5 2 2 2 10 4 14 1 2 1 11 8 17 9 2 4 5 7 8 5 1 6 14 4 2 3 9 7 12 
3 5 1 6 13 1 2 1 3 8 9 6 2 3 5 5 8 
3 7 2 2 10 5 13 3 2 3 11 8 17 5 1 6 15 
3 5 1 6 13 1 2 1 3 8 9 6 2 3 5 5 8 
5 2 2 2 10 4 14 1 2 1 11 8 17 9 2 4 5 7 8 5 1 6 14 4 2 3 9 7 12 
5 1 2 1 5 8 11 8 3 1 10 5 13 6 20 2 2 2 10 4 14 3 2 3 11 8 17 10 3 1 11 6 18 8 24 
5 2 2 2 6 4 10 5 1 6 15 4 2 3 5 7 8 1 2 1 10 8 16 3 2 3 10 8 16 
2 4 2 3 11 7 14 7 2 2 7 5 10 
2 10 3 1 8 6 15 8 21 1 2 1 4 8 10 
3 7 2 2 10 5 13 3 2 3 11 8 17 5 1 6 15 
2 9 2 4 11 7 14 1 2 1 4 8 10 
3 7 2 2 10 5 13 3 2 3 10 8 16 9 2 4 7 7 10 
3 9 2 4 8 7 11 5 1 6 15 1 2 1 3 8 9 
4 2 2 2 13 4 17 6 2 3 6 5 9 7 2 2 7 5 10 9 2 4 9 7 12 
2 1 2 1 3 8 9 8 3 1 4 5 7 6 14 
5 7 2 2 9 5 12 1 2 1 6 8 12 9 2 4 5 7 8 2 2 2 12 4 16 10 3 1 6 6 13 8 19 
2 7 2 2 14 5 17 5 1 6 13 
3 10 3 1 4 6 11 8 17 8 3 1 11 5 14 6 21 4 2 3 8 7 11 
3 10 3 1 4 6 11 8 17 8 3 1 11 5 14 6 21 4 2 3 8 7 11 
2 1 2 1 3 8 9 8 3 1 4 5 7 6 14 
3 9 2 4 8 7 11 5 1 6 15 1 2 1 3 8 9 
2 9 2 4 11 7 14 1 2 1 4 8 10 
3 7 2 2 10 5 13 3 2 3 11 8 17 5 1 6 15 
5 2 2 2 6 4 10 5 1 6 15 4 2 3 5 7 8 1 2 1 10 8 16 3 2 3 10 8 16 
3 5 1 6 13 1 2 1 3 8 9 6 2 3 5 5 8 
3 7 2 2 10 5 13 3 2 3 10 8 16 9 2 4 7 7 10 
4 2 2 2 13 4 17 6 2 3 6 5 9 7 2 2 7 5 10 9 2 4 9 7 12 
2 10 3 1 8 6 15 8 21 1 2 1 4 8 10 
5 7 2 2 9 5 12 1 2 1 6 8 12 9 2 4 5 7 8 2 2 2 12 4 16 10 3 1 6 6 13 8 19 
2 7 2 2 14 5 17 5 1 6 13 
5 2 2 2 10 4 14 1 2 1 11 8 17 9 2 4 5 7 8 5 1 6 14 4 2 3 9 7 12 
5 1 2 1 5 8 11 8 3 1 10 5 13 6 20 2 2 2 10 4 14 3 2 3 11 8 17 10 3 1 11 6 18 8 24 
2 4 2 3 11 7 14 7 2 2 7 5 10 
3 7 2 2 10 5 13 3 2 3 11 8 17 5 1 6 15 
5 1 2 1 5 8 11 8 3 1 10 5 13 6 20 2 2 2 10 4 14 3 2 3 11 8 17 10 3 1 11 6 18 8 24 
2 7 2 2 14 5 17 5 1 6 13 
3 5 1 6 13 1 2 1 3 8 9 6 2 3 5 5 8 
5 2 2 2 10 4 14 1 2 1 11 8 17 9 2 4 5 7 8 5 1 6 14 4 2 3 9 7 12 
2 4 2 3 11 7 14 7 2 2 7 5 10 
2 9 2 4 11 7 14 1 2 1 4 8 10 
5 2 2 2 6 4 10 5 1 6 15 4 2 3 5 7 8 1 2 1 10 8 16 3 2 3 10 8 16 
5 7 2 2 9 5 12 1 2 1 6 8 12 9 2 4 5 7 8 2 2 2 12 4 16 10 3 1 6 6 13 8 19 
4 2 2 2 13 4 17 6 2 3 6 5 9 7 2 2 7 5 10 9 2 4 9 7 12 
2 1 2 1 3 8 9 8 3 1 4 5 7 6 14 
3 7 2 2 10 5 13 3 2 3 10 8 16 9 2 4 7 7 10 
2 10 3 1 8 6 15 8 21 1 2 1 4 8 10 
3 9 2 4 8 7 11 5 1 6 15 1 2 1 3 8 9 
3 10 3 1 4 6 11 8 17 8 3 1 11 5 14 6 21 4 2 3 8 7 11 
3 5 1 6 13 1 2 1 3 8 9 6 2 3 5 5 8 
3 10 3 1 4 6 11 8 17 8 3 1 11 5 14 6 21 4 2 3 8 7 11 
3 7 2 2 10 5 13 3 2 3 11 8 17 5 1 6 15 
5 1 2 1 5 8 11 8 3 1 10 5 13 6 20 2 2 2 10 4 14 3 2 3 11 8 17 10 3 1 11 6 18 8 24 
2 1 2 1 3 8 9 8 3 1 4 5 7 6 14 
2 9 2 4 11 7 14 1 2 1 4 8 10 
5 2 2 2 6 4 10 5 1 6 15 4 2 3 5 7 8 1 2 1 10 8 16 3 2 3 10 8 16 
3 7 2 2 10 5 13 3 2 3 10 8 16 9 2 4 7 7 10 
5 7 2 2 9 5 12 1 2 1 6 8 12 9 2 4 5 7 8 2 2 2 12 4 16 10 3 1 6 6 13 8 19 
3 9 2 4 8 7 11 5 1 6 15 1 2 1 3 8 9 
2 10 3 1 8 6 15 8 21 1 2 1 4 8 10 
4 2 2 2 13 4 17 6 2 3 6 5 9 7 2 2 7 5 10 9 2 4 9 7 12 
2 7 2 2 14 5 17 5 1 6 13 
2 4 2 3 11 7 14 7 2 2 7 5 10 
5 2 2 2 10 4 14 1 2 1 11 8 17 9 2 4 5 7 8 5 1 6 14 4 2 3 9 7 12 
5 7 2 2 9 5 12 1 2 1 6 8 12 9 2 4 5 7 8 2 2 2 12 4 16 10 3 1 6 6 13 8 19 
3 7 2 2 10 5 13 3 2 3 10 8 16 9 2 4 7 7 10 
3 7 2 2 10 5 13 3 2 3 11 8 17 5 1 6 15 
2 1 2 1 3 8 9 8 3 1 4 5 7 6 14 
3 5 1 6 13 1 2 1 3 8 9 6 2 3 5 5 8 
5 2 2 2 10 4 14 1 2 1 11 8 17 9 2 4 5 7 8 5 1 6 14 4 2 3 9 7 12 
3 10 3 1 4 6 11 8 17 8 3 1 11 5 14 6 21 4 2 3 8 7 11 
3 9 2 4 8 7 11 5 1 6 15 1 2 1 3 8 9 
2 9 2 4 11 7 14 1 2 1 4 8 10 
4 2 2 2 13 4 17 6 2 3 6 5 9 7 2 2 7 5 10 9 2 4 9 7 12 
5 1 2 1 5 8 11 8 3 1 10 5 13 6 20 2 2 2 10 4 14 3 2 3 11 8 17 10 3 1 11 6 18 8 24 
2 4 2 3 11 7 14 7 2 2 7 5 10 
2 10 3 1 8 6 15 8 21 1 2 1 4 8 10 
5 2 2 2 6 4 10 5 1 6 15 4 2 3 5 7 8 1 2 1 10 8 16 3 2 3 10 8 16 
2 7 2 2 14 5 17 5 1 6 13 
4 2 2 2 13 4 17 6 2 3 6 5 9 7 2 2 7 5 10 9 2 4 9 7 12 
3 9 2 4 8 7 11 5 1 6 15 1 2 1 3 8 9 
3 7 2 2 10 5 13 3 2 3 11 8 17 5 1 6 15 
5 7 2 2 9 5 12 1 2 1 6 8 12 9 2 4 5 7 8 2 2 2 12 4 16 10 3 1 6 6 13 8 19 
5 2 2 2 6 4 10 5 1 6 15 4 2 3 5 7 8 1 2 1 10 8 16 3 2 3 10 8 16 
2 4 2 3 11 7 14 7 2 2 7 5 10 
2 9 2 4 11 7 14 1 2 1 4 8 10 
3 10 3 1 4 6 11 8 17 8 3 1 11 5 14 6 21 4 2 3 8 7 11 
5 1 2 1 5 8 11 8 3 1 10 5 13 6 20 2 2 2 10 4 14 3 2 3 11 8 17 10 3 1 11 6 18 8 24 
2 10 3 1 8 6 15 8 21 1 2 1 4 8 10 
5 2 2 2 10 4 14 1 2 1 11 8 17 9 2 4 5 7 8 5 1 6 14 4 2 3 9 7 12 
3 7 2 2 10 5 13 3 2 3 10 8 16 9 2 4 7 7 10 
2 7 2 2 14 5 17 5 1 6 13 
2 1 2 1 3 8 9 8 3 1 4 5 7 6 14 
3 5 1 6 13 1 2 1 3 8 9 6 2 3 5 5 8 
2 1 2 1 3 8 9 8 3 1 4 5 7 6 14 
4 2 2 2 13 4 17 6 2 3 6 5 9 7 2 2 7 5 10 9 2 4 9 7 12 
3 10 3 1 4 6 11 8 17 8 3 1 11 5 14 6 21 4 2 3 8 7 11 
3 7 2 2 10 5 13 3 2 3 11 8 17 5 1 6 15 
3 7 2 2 10 5 13 3 2 3 10 8 16 9 2 4 7 7 10 
2 10 3 1 8 6 15 8 21 1 2 1 4 8 10 
2 7 2 2 14 5 17 5 1 6 13 
3 9 2 4 8 7 11 5 1 6 15 1 2 1 3 8 9 
5 7 2 2 9 5 12 1 2 1 6 8 12 9 2 4 5 7 8 2 2 2 12 4 16 10 3 1 6 6 13 8 19 
5 2 2 2 10 4 14 1 2 1 11 8 17 9 2 4 5 7 8 5 1 6 14 4 2 3 9 7 12 
5 1 2 1 5 8 11 8 3 1 10 5 13 6 20 2 2 2 10 4 14 3 2 3 11 8 17 10 3 1 11 6 18 8 24 
3 5 1 6 13 1 2 1 3 8 9 6 2 3 5 5 8 
5 2 2 2 6 4 10 5 1 6 15 4 2 3 5 7 8 1 2 1 10 8 16 3 2 3 10 8 16 
2 4 2 3 11 7 14 7 2 2 7 5 10 
2 9 2 4 11 7 14 1 2 1 4 8 10 
