10 6 4
6 5 5 5 6 6 5 5 6 6 
2 1 2 1 8 3 10 3 2 1 7 4 13 
3 5 2 1 6 2 11 3 2 1 8 4 14 2 2 2 6 4 12 
2 3 2 1 7 4 13 6 2 3 4 4 10 
3 6 2 3 7 4 13 2 2 2 11 4 17 1 2 1 4 3 6 
1 3 2 1 4 4 10 
3 6 2 3 8 4 14 3 2 1 9 4 15 4 2 2 8 3 10 
1 2 2 2 11 4 17 
1 3 2 1 4 4 10 
1 1 2 1 5 3 7 
2 2 2 2 11 4 17 4 2 2 11 3 13 
3 6 2 3 7 4 13 2 2 2 11 4 17 1 2 1 4 3 6 
1 2 2 2 11 4 17 
2 3 2 1 7 4 13 6 2 3 4 4 10 
3 6 2 3 7 4 13 2 2 2 11 4 17 1 2 1 4 3 6 
3 3 2 1 7 4 13 2 2 2 11 4 17 6 2 3 8 4 14 
2 1 2 1 4 3 6 5 2 1 8 2 13 
3 6 2 3 7 4 13 2 2 2 11 4 17 1 2 1 4 3 6 
1 2 2 2 11 4 17 
1 3 2 1 4 4 10 
3 5 2 1 6 2 11 3 2 1 8 4 14 2 2 2 6 4 12 
2 3 2 1 7 4 13 6 2 3 4 4 10 
3 5 2 1 6 2 11 3 2 1 8 4 14 2 2 2 6 4 12 
3 6 2 3 7 4 13 2 2 2 11 4 17 1 2 1 4 3 6 
1 2 2 2 11 4 17 
2 1 2 1 8 3 10 3 2 1 7 4 13 
2 2 2 2 11 4 17 4 2 2 11 3 13 
3 3 2 1 7 4 13 2 2 2 11 4 17 6 2 3 8 4 14 
2 3 2 1 7 4 13 6 2 3 4 4 10 
1 1 2 1 5 3 7 
3 3 2 1 7 4 13 2 2 2 11 4 17 6 2 3 8 4 14 
1 2 2 2 11 4 17 
3 6 2 3 7 4 13 2 2 2 11 4 17 1 2 1 4 3 6 
2 1 2 1 6 3 8 4 2 2 7 3 9 
1 6 2 3 3 4 9 
2 1 2 1 6 3 8 4 2 2 7 3 9 
3 3 2 1 7 4 13 2 2 2 11 4 17 6 2 3 8 4 14 
3 2 2 2 11 4 17 5 2 1 4 2 9 1 2 1 9 3 11 
1 3 2 1 4 4 10 
2 3 2 1 7 4 13 6 2 3 4 4 10 
3 3 2 1 7 4 13 2 2 2 11 4 17 6 2 3 8 4 14 
3 6 2 3 7 4 13 2 2 2 11 4 17 1 2 1 4 3 6 
1 2 2 2 11 4 17 
2 2 2 2 11 4 17 4 2 2 11 3 13 
1 6 2 3 3 4 9 
2 1 2 1 4 3 6 5 2 1 8 2 13 
3 6 2 3 8 4 14 3 2 1 9 4 15 4 2 2 8 3 10 
1 1 2 1 5 3 7 
3 3 2 1 7 4 13 2 2 2 11 4 17 6 2 3 8 4 14 
2 2 2 2 11 4 17 4 2 2 11 3 13 
2 3 2 1 7 4 13 6 2 3 4 4 10 
3 3 2 1 7 4 13 2 2 2 11 4 17 6 2 3 8 4 14 
3 5 2 1 6 2 11 3 2 1 8 4 14 2 2 2 6 4 12 
1 6 2 3 3 4 9 
2 2 2 2 11 4 17 4 2 2 11 3 13 
2 1 2 1 6 3 8 4 2 2 7 3 9 
