15 8 6
10 10 10 10 10 10 10 10 10 10 10 10 10 10 10 
4 7 2 4 17 5 22 8 2 5 16 6 24 4 2 2 9 3 15 5 2 1 22 6 30 
2 3 1 4 20 4 2 2 9 3 15 
4 8 2 5 23 6 31 7 2 4 5 5 10 6 3 3 17 4 19 5 24 3 1 4 18 
4 5 2 1 10 6 18 2 2 2 5 4 7 7 2 4 4 5 9 3 1 4 21 
2 5 2 1 9 6 17 6 3 3 9 4 11 5 16 
3 4 2 2 9 3 15 5 2 1 5 6 13 8 2 5 23 6 31 
1 5 2 1 5 6 13 
1 1 2 1 20 3 26 
5 5 2 1 13 6 21 2 2 2 14 4 16 1 2 1 15 3 21 8 2 5 10 6 18 3 1 4 16 
3 7 2 4 17 5 22 6 3 3 8 4 10 5 15 8 2 5 24 6 32 
4 8 2 5 23 6 31 7 2 4 5 5 10 6 3 3 17 4 19 5 24 3 1 4 18 
1 1 2 1 20 3 26 
2 2 2 2 5 4 7 4 2 2 17 3 23 
5 5 2 1 13 6 21 2 2 2 14 4 16 1 2 1 15 3 21 8 2 5 10 6 18 3 1 4 16 
5 4 2 2 15 3 21 1 2 1 12 3 18 2 2 2 22 4 24 6 3 3 24 4 26 5 31 3 1 4 15 
2 6 3 3 21 4 23 5 28 7 2 4 15 5 20 
4 7 2 4 17 5 22 8 2 5 16 6 24 4 2 2 9 3 15 5 2 1 22 6 30 
4 5 2 1 10 6 18 2 2 2 5 4 7 7 2 4 4 5 9 3 1 4 21 
4 4 2 2 15 3 21 1 2 1 10 3 16 6 3 3 19 4 21 5 26 8 2 5 8 6 16 
3 7 2 4 17 5 22 6 3 3 8 4 10 5 15 8 2 5 24 6 32 
2 3 1 4 5 5 2 1 8 6 16 
4 5 2 1 10 6 18 2 2 2 5 4 7 7 2 4 4 5 9 3 1 4 21 
2 3 1 4 20 4 2 2 9 3 15 
2 5 2 1 9 6 17 6 3 3 9 4 11 5 16 
4 4 2 2 15 3 21 1 2 1 10 3 16 6 3 3 19 4 21 5 26 8 2 5 8 6 16 
3 7 2 4 17 5 22 6 3 3 8 4 10 5 15 8 2 5 24 6 32 
5 4 2 2 15 3 21 1 2 1 12 3 18 2 2 2 22 4 24 6 3 3 24 4 26 5 31 3 1 4 15 
3 4 2 2 9 3 15 5 2 1 5 6 13 8 2 5 23 6 31 
1 1 2 1 20 3 26 
2 2 2 2 5 4 7 4 2 2 17 3 23 
2 3 1 4 20 4 2 2 9 3 15 
2 3 1 4 5 5 2 1 8 6 16 
5 4 2 2 15 3 21 1 2 1 12 3 18 2 2 2 22 4 24 6 3 3 24 4 26 5 31 3 1 4 15 
4 4 2 2 15 3 21 1 2 1 10 3 16 6 3 3 19 4 21 5 26 8 2 5 8 6 16 
2 6 3 3 21 4 23 5 28 7 2 4 15 5 20 
4 5 2 1 10 6 18 2 2 2 5 4 7 7 2 4 4 5 9 3 1 4 21 
1 5 2 1 5 6 13 
4 8 2 5 23 6 31 7 2 4 5 5 10 6 3 3 17 4 19 5 24 3 1 4 18 
1 1 2 1 20 3 26 
2 5 2 1 9 6 17 6 3 3 9 4 11 5 16 
2 6 3 3 21 4 23 5 28 7 2 4 15 5 20 
3 7 2 4 17 5 22 6 3 3 8 4 10 5 15 8 2 5 24 6 32 
1 5 2 1 5 6 13 
4 7 2 4 17 5 22 8 2 5 16 6 24 4 2 2 9 3 15 5 2 1 22 6 30 
5 4 2 2 15 3 21 1 2 1 12 3 18 2 2 2 22 4 24 6 3 3 24 4 26 5 31 3 1 4 15 
4 5 2 1 10 6 18 2 2 2 5 4 7 7 2 4 4 5 9 3 1 4 21 
3 4 2 2 9 3 15 5 2 1 5 6 13 8 2 5 23 6 31 
2 5 2 1 9 6 17 6 3 3 9 4 11 5 16 
2 3 1 4 5 5 2 1 8 6 16 
5 5 2 1 13 6 21 2 2 2 14 4 16 1 2 1 15 3 21 8 2 5 10 6 18 3 1 4 16 
2 2 2 2 5 4 7 4 2 2 17 3 23 
2 6 3 3 21 4 23 5 28 7 2 4 15 5 20 
2 3 1 4 20 4 2 2 9 3 15 
4 8 2 5 23 6 31 7 2 4 5 5 10 6 3 3 17 4 19 5 24 3 1 4 18 
5 4 2 2 15 3 21 1 2 1 12 3 18 2 2 2 22 4 24 6 3 3 24 4 26 5 31 3 1 4 15 
5 5 2 1 13 6 21 2 2 2 14 4 16 1 2 1 15 3 21 8 2 5 10 6 18 3 1 4 16 
4 4 2 2 15 3 21 1 2 1 10 3 16 6 3 3 19 4 21 5 26 8 2 5 8 6 16 
4 7 2 4 17 5 22 8 2 5 16 6 24 4 2 2 9 3 15 5 2 1 22 6 30 
2 5 2 1 9 6 17 6 3 3 9 4 11 5 16 
2 3 1 4 5 5 2 1 8 6 16 
5 5 2 1 13 6 21 2 2 2 14 4 16 1 2 1 15 3 21 8 2 5 10 6 18 3 1 4 16 
4 4 2 2 15 3 21 1 2 1 10 3 16 6 3 3 19 4 21 5 26 8 2 5 8 6 16 
2 2 2 2 5 4 7 4 2 2 17 3 23 
1 1 2 1 20 3 26 
2 6 3 3 21 4 23 5 28 7 2 4 15 5 20 
4 5 2 1 10 6 18 2 2 2 5 4 7 7 2 4 4 5 9 3 1 4 21 
1 5 2 1 5 6 13 
5 4 2 2 15 3 21 1 2 1 12 3 18 2 2 2 22 4 24 6 3 3 24 4 26 5 31 3 1 4 15 
2 3 1 4 20 4 2 2 9 3 15 
3 7 2 4 17 5 22 6 3 3 8 4 10 5 15 8 2 5 24 6 32 
3 7 2 4 17 5 22 6 3 3 8 4 10 5 15 8 2 5 24 6 32 
1 1 2 1 20 3 26 
4 7 2 4 17 5 22 8 2 5 16 6 24 4 2 2 9 3 15 5 2 1 22 6 30 
2 6 3 3 21 4 23 5 28 7 2 4 15 5 20 
5 5 2 1 13 6 21 2 2 2 14 4 16 1 2 1 15 3 21 8 2 5 10 6 18 3 1 4 16 
4 4 2 2 15 3 21 1 2 1 10 3 16 6 3 3 19 4 21 5 26 8 2 5 8 6 16 
5 4 2 2 15 3 21 1 2 1 12 3 18 2 2 2 22 4 24 6 3 3 24 4 26 5 31 3 1 4 15 
2 2 2 2 5 4 7 4 2 2 17 3 23 
2 3 1 4 20 4 2 2 9 3 15 
2 3 1 4 5 5 2 1 8 6 16 
1 1 2 1 20 3 26 
5 5 2 1 13 6 21 2 2 2 14 4 16 1 2 1 15 3 21 8 2 5 10 6 18 3 1 4 16 
4 8 2 5 23 6 31 7 2 4 5 5 10 6 3 3 17 4 19 5 24 3 1 4 18 
3 7 2 4 17 5 22 6 3 3 8 4 10 5 15 8 2 5 24 6 32 
2 6 3 3 21 4 23 5 28 7 2 4 15 5 20 
4 4 2 2 15 3 21 1 2 1 10 3 16 6 3 3 19 4 21 5 26 8 2 5 8 6 16 
1 5 2 1 5 6 13 
2 2 2 2 5 4 7 4 2 2 17 3 23 
5 4 2 2 15 3 21 1 2 1 12 3 18 2 2 2 22 4 24 6 3 3 24 4 26 5 31 3 1 4 15 
4 7 2 4 17 5 22 8 2 5 16 6 24 4 2 2 9 3 15 5 2 1 22 6 30 
1 1 2 1 20 3 26 
2 6 3 3 21 4 23 5 28 7 2 4 15 5 20 
3 4 2 2 9 3 15 5 2 1 5 6 13 8 2 5 23 6 31 
5 4 2 2 15 3 21 1 2 1 12 3 18 2 2 2 22 4 24 6 3 3 24 4 26 5 31 3 1 4 15 
4 4 2 2 15 3 21 1 2 1 10 3 16 6 3 3 19 4 21 5 26 8 2 5 8 6 16 
2 3 1 4 20 4 2 2 9 3 15 
2 5 2 1 9 6 17 6 3 3 9 4 11 5 16 
3 7 2 4 17 5 22 6 3 3 8 4 10 5 15 8 2 5 24 6 32 
4 8 2 5 23 6 31 7 2 4 5 5 10 6 3 3 17 4 19 5 24 3 1 4 18 
5 5 2 1 13 6 21 2 2 2 14 4 16 1 2 1 15 3 21 8 2 5 10 6 18 3 1 4 16 
2 2 2 2 5 4 7 4 2 2 17 3 23 
3 7 2 4 17 5 22 6 3 3 8 4 10 5 15 8 2 5 24 6 32 
4 8 2 5 23 6 31 7 2 4 5 5 10 6 3 3 17 4 19 5 24 3 1 4 18 
2 3 1 4 20 4 2 2 9 3 15 
2 5 2 1 9 6 17 6 3 3 9 4 11 5 16 
1 1 2 1 20 3 26 
2 3 1 4 5 5 2 1 8 6 16 
3 4 2 2 9 3 15 5 2 1 5 6 13 8 2 5 23 6 31 
5 5 2 1 13 6 21 2 2 2 14 4 16 1 2 1 15 3 21 8 2 5 10 6 18 3 1 4 16 
5 4 2 2 15 3 21 1 2 1 12 3 18 2 2 2 22 4 24 6 3 3 24 4 26 5 31 3 1 4 15 
4 4 2 2 15 3 21 1 2 1 10 3 16 6 3 3 19 4 21 5 26 8 2 5 8 6 16 
3 4 2 2 9 3 15 5 2 1 5 6 13 8 2 5 23 6 31 
4 8 2 5 23 6 31 7 2 4 5 5 10 6 3 3 17 4 19 5 24 3 1 4 18 
1 1 2 1 20 3 26 
5 4 2 2 15 3 21 1 2 1 12 3 18 2 2 2 22 4 24 6 3 3 24 4 26 5 31 3 1 4 15 
3 7 2 4 17 5 22 6 3 3 8 4 10 5 15 8 2 5 24 6 32 
1 5 2 1 5 6 13 
2 3 1 4 5 5 2 1 8 6 16 
4 7 2 4 17 5 22 8 2 5 16 6 24 4 2 2 9 3 15 5 2 1 22 6 30 
2 2 2 2 5 4 7 4 2 2 17 3 23 
5 5 2 1 13 6 21 2 2 2 14 4 16 1 2 1 15 3 21 8 2 5 10 6 18 3 1 4 16 
1 5 2 1 5 6 13 
2 3 1 4 20 4 2 2 9 3 15 
4 5 2 1 10 6 18 2 2 2 5 4 7 7 2 4 4 5 9 3 1 4 21 
2 6 3 3 21 4 23 5 28 7 2 4 15 5 20 
4 8 2 5 23 6 31 7 2 4 5 5 10 6 3 3 17 4 19 5 24 3 1 4 18 
4 7 2 4 17 5 22 8 2 5 16 6 24 4 2 2 9 3 15 5 2 1 22 6 30 
5 4 2 2 15 3 21 1 2 1 12 3 18 2 2 2 22 4 24 6 3 3 24 4 26 5 31 3 1 4 15 
2 5 2 1 9 6 17 6 3 3 9 4 11 5 16 
4 4 2 2 15 3 21 1 2 1 10 3 16 6 3 3 19 4 21 5 26 8 2 5 8 6 16 
4 8 2 5 23 6 31 7 2 4 5 5 10 6 3 3 17 4 19 5 24 3 1 4 18 
3 4 2 2 9 3 15 5 2 1 5 6 13 8 2 5 23 6 31 
2 2 2 2 5 4 7 4 2 2 17 3 23 
4 5 2 1 10 6 18 2 2 2 5 4 7 7 2 4 4 5 9 3 1 4 21 
2 5 2 1 9 6 17 6 3 3 9 4 11 5 16 
2 3 1 4 20 4 2 2 9 3 15 
2 6 3 3 21 4 23 5 28 7 2 4 15 5 20 
1 5 2 1 5 6 13 
5 4 2 2 15 3 21 1 2 1 12 3 18 2 2 2 22 4 24 6 3 3 24 4 26 5 31 3 1 4 15 
1 1 2 1 20 3 26 
5 5 2 1 13 6 21 2 2 2 14 4 16 1 2 1 15 3 21 8 2 5 10 6 18 3 1 4 16 
2 5 2 1 9 6 17 6 3 3 9 4 11 5 16 
2 6 3 3 21 4 23 5 28 7 2 4 15 5 20 
4 7 2 4 17 5 22 8 2 5 16 6 24 4 2 2 9 3 15 5 2 1 22 6 30 
4 8 2 5 23 6 31 7 2 4 5 5 10 6 3 3 17 4 19 5 24 3 1 4 18 
1 1 2 1 20 3 26 
5 4 2 2 15 3 21 1 2 1 12 3 18 2 2 2 22 4 24 6 3 3 24 4 26 5 31 3 1 4 15 
3 4 2 2 9 3 15 5 2 1 5 6 13 8 2 5 23 6 31 
2 3 1 4 20 4 2 2 9 3 15 
4 5 2 1 10 6 18 2 2 2 5 4 7 7 2 4 4 5 9 3 1 4 21 
