20 5 4
5 5 5 5 5 5 5 5 5 5 5 5 5 5 5 5 5 5 5 5 
2 2 2 2 10 4 15 1 2 1 18 4 23 
2 3 2 1 21 3 25 1 2 1 18 4 23 
1 2 2 2 10 4 15 
1 4 2 2 24 3 28 
5 3 2 1 11 3 15 5 2 1 5 4 10 4 2 2 11 3 15 1 2 1 10 4 15 2 2 2 13 4 18 
2 1 2 1 6 4 11 5 2 1 16 4 21 
5 3 2 1 11 3 15 5 2 1 5 4 10 4 2 2 11 3 15 1 2 1 10 4 15 2 2 2 13 4 18 
2 2 2 2 10 4 15 1 2 1 18 4 23 
3 1 2 1 11 4 16 5 2 1 4 4 9 2 2 2 11 4 16 
3 1 2 1 6 4 11 5 2 1 16 4 21 3 2 1 5 3 9 
5 2 2 2 24 4 29 5 2 1 4 4 9 4 2 2 25 3 29 1 2 1 12 4 17 3 2 1 6 3 10 
1 4 2 2 24 3 28 
2 4 2 2 17 3 21 3 2 1 12 3 16 
1 2 2 2 10 4 15 
3 5 2 1 15 4 20 3 2 1 17 3 21 4 2 2 25 3 29 
2 2 2 2 10 4 15 1 2 1 18 4 23 
4 4 2 2 16 3 20 3 2 1 13 3 17 2 2 2 23 4 28 5 2 1 11 4 16 
4 5 2 1 21 4 26 3 2 1 16 3 20 2 2 2 8 4 13 1 2 1 8 4 13 
5 4 2 2 16 3 20 5 2 1 18 4 23 1 2 1 5 4 10 3 2 1 12 3 16 2 2 2 22 4 27 
2 3 2 1 18 3 22 1 2 1 9 4 14 
3 1 2 1 6 4 11 5 2 1 16 4 21 3 2 1 5 3 9 
2 3 2 1 21 3 25 1 2 1 18 4 23 
5 2 2 2 24 4 29 5 2 1 4 4 9 4 2 2 25 3 29 1 2 1 12 4 17 3 2 1 6 3 10 
3 5 2 1 15 4 20 3 2 1 17 3 21 4 2 2 25 3 29 
1 4 2 2 11 3 15 
5 3 2 1 11 3 15 5 2 1 5 4 10 4 2 2 11 3 15 1 2 1 10 4 15 2 2 2 13 4 18 
2 3 2 1 21 3 25 1 2 1 18 4 23 
2 1 2 1 18 4 23 5 2 1 10 4 15 
2 2 2 2 13 4 18 1 2 1 20 4 25 
2 2 2 2 10 4 15 1 2 1 18 4 23 
1 4 2 2 11 3 15 
2 1 2 1 18 4 23 5 2 1 10 4 15 
2 2 2 2 10 4 15 1 2 1 18 4 23 
3 1 2 1 6 4 11 5 2 1 16 4 21 3 2 1 5 3 9 
4 4 2 2 12 3 16 2 2 2 23 4 28 3 2 1 18 3 22 5 2 1 10 4 15 
4 4 2 2 12 3 16 2 2 2 23 4 28 3 2 1 18 3 22 5 2 1 10 4 15 
3 3 2 1 21 3 25 1 2 1 5 4 10 4 2 2 21 3 25 
4 2 2 2 20 4 25 4 2 2 20 3 24 3 2 1 22 3 26 5 2 1 18 4 23 
1 2 2 2 10 4 15 
2 2 2 2 13 4 18 1 2 1 20 4 25 
5 2 2 2 24 4 29 5 2 1 4 4 9 4 2 2 25 3 29 1 2 1 12 4 17 3 2 1 6 3 10 
4 4 2 2 12 3 16 2 2 2 23 4 28 3 2 1 18 3 22 5 2 1 10 4 15 
3 1 2 1 11 4 16 5 2 1 4 4 9 2 2 2 11 4 16 
4 2 2 2 20 4 25 4 2 2 20 3 24 3 2 1 22 3 26 5 2 1 18 4 23 
2 1 2 1 20 4 25 5 2 1 18 4 23 
2 1 2 1 18 4 23 5 2 1 10 4 15 
4 4 2 2 16 3 20 3 2 1 13 3 17 2 2 2 23 4 28 5 2 1 11 4 16 
2 3 2 1 18 3 22 1 2 1 9 4 14 
1 4 2 2 11 3 15 
5 3 2 1 19 3 23 5 2 1 20 4 25 4 2 2 16 3 20 2 2 2 16 4 21 1 2 1 10 4 15 
1 4 2 2 24 3 28 
3 1 2 1 11 4 16 5 2 1 4 4 9 2 2 2 11 4 16 
5 3 2 1 11 3 15 5 2 1 5 4 10 4 2 2 11 3 15 1 2 1 10 4 15 2 2 2 13 4 18 
2 1 2 1 18 4 23 5 2 1 10 4 15 
2 1 2 1 20 4 25 5 2 1 18 4 23 
3 5 2 1 15 4 20 3 2 1 17 3 21 4 2 2 25 3 29 
4 4 2 2 16 3 20 3 2 1 13 3 17 2 2 2 23 4 28 5 2 1 11 4 16 
2 3 2 1 18 3 22 1 2 1 9 4 14 
5 3 2 1 11 3 15 5 2 1 5 4 10 4 2 2 11 3 15 1 2 1 10 4 15 2 2 2 13 4 18 
5 3 2 1 19 3 23 5 2 1 20 4 25 4 2 2 16 3 20 2 2 2 16 4 21 1 2 1 10 4 15 
2 1 2 1 20 4 25 5 2 1 18 4 23 
1 4 2 2 24 3 28 
4 2 2 2 23 4 28 5 2 1 22 4 27 4 2 2 11 3 15 3 2 1 15 3 19 
3 3 2 1 21 3 25 1 2 1 5 4 10 4 2 2 21 3 25 
3 1 2 1 11 4 16 5 2 1 4 4 9 2 2 2 11 4 16 
2 5 2 1 4 4 9 3 2 1 8 3 12 
3 3 2 1 21 3 25 1 2 1 5 4 10 4 2 2 21 3 25 
4 4 2 2 16 3 20 3 2 1 13 3 17 2 2 2 23 4 28 5 2 1 11 4 16 
2 3 2 1 21 3 25 1 2 1 18 4 23 
5 3 2 1 11 3 15 5 2 1 5 4 10 4 2 2 11 3 15 1 2 1 10 4 15 2 2 2 13 4 18 
5 3 2 1 11 3 15 5 2 1 5 4 10 4 2 2 11 3 15 1 2 1 10 4 15 2 2 2 13 4 18 
2 5 2 1 4 4 9 3 2 1 8 3 12 
3 5 2 1 15 4 20 3 2 1 17 3 21 4 2 2 25 3 29 
5 3 2 1 19 3 23 5 2 1 20 4 25 4 2 2 16 3 20 2 2 2 16 4 21 1 2 1 10 4 15 
2 1 2 1 20 4 25 5 2 1 18 4 23 
5 4 2 2 16 3 20 5 2 1 18 4 23 1 2 1 5 4 10 3 2 1 12 3 16 2 2 2 22 4 27 
2 4 2 2 17 3 21 3 2 1 12 3 16 
1 2 2 2 10 4 15 
2 1 2 1 18 4 23 5 2 1 10 4 15 
1 4 2 2 11 3 15 
5 3 2 1 11 3 15 5 2 1 5 4 10 4 2 2 11 3 15 1 2 1 10 4 15 2 2 2 13 4 18 
4 2 2 2 20 4 25 4 2 2 20 3 24 3 2 1 22 3 26 5 2 1 18 4 23 
3 3 2 1 21 3 25 1 2 1 5 4 10 4 2 2 21 3 25 
2 3 2 1 18 3 22 1 2 1 9 4 14 
5 2 2 2 24 4 29 5 2 1 4 4 9 4 2 2 25 3 29 1 2 1 12 4 17 3 2 1 6 3 10 
1 2 2 2 10 4 15 
3 1 2 1 11 4 16 5 2 1 4 4 9 2 2 2 11 4 16 
2 5 2 1 4 4 9 3 2 1 8 3 12 
2 3 2 1 21 3 25 1 2 1 18 4 23 
2 1 2 1 18 4 23 5 2 1 10 4 15 
3 1 2 1 6 4 11 5 2 1 16 4 21 3 2 1 5 3 9 
4 4 2 2 12 3 16 2 2 2 23 4 28 3 2 1 18 3 22 5 2 1 10 4 15 
4 5 2 1 21 4 26 3 2 1 16 3 20 2 2 2 8 4 13 1 2 1 8 4 13 
1 4 2 2 24 3 28 
2 1 2 1 6 4 11 5 2 1 16 4 21 
1 4 2 2 11 3 15 
2 2 2 2 10 4 15 1 2 1 18 4 23 
1 4 2 2 24 3 28 
2 1 2 1 18 4 23 5 2 1 10 4 15 
5 4 2 2 16 3 20 5 2 1 18 4 23 1 2 1 5 4 10 3 2 1 12 3 16 2 2 2 22 4 27 
