15 4 3
6 5 8 7 6 9 5 8 9 9 7 6 7 7 7 
2 3 2 1 8 3 14 2 2 2 11 3 17 
2 1 2 1 11 3 17 4 2 1 11 2 15 
2 1 2 1 9 3 15 2 2 2 9 3 15 
1 3 2 1 10 3 16 
2 4 2 1 8 2 12 2 2 2 10 3 16 
2 4 2 1 8 2 12 1 2 1 8 3 14 
1 3 2 1 10 3 16 
2 1 2 1 9 3 15 2 2 2 9 3 15 
1 4 2 1 9 2 13 
2 4 2 1 8 2 12 2 2 2 10 3 16 
2 1 2 1 11 3 17 2 2 2 10 3 16 
2 4 2 1 10 2 14 3 2 1 12 3 18 
2 3 2 1 8 3 14 2 2 2 11 3 17 
2 4 2 1 8 2 12 1 2 1 8 3 14 
2 1 2 1 11 3 17 4 2 1 11 2 15 
2 1 2 1 9 3 15 2 2 2 9 3 15 
1 4 2 1 9 2 13 
2 1 2 1 11 3 17 2 2 2 10 3 16 
2 4 2 1 12 2 16 3 2 1 9 3 15 
2 4 2 1 8 2 12 1 2 1 8 3 14 
2 4 2 1 10 2 14 3 2 1 12 3 18 
2 1 2 1 11 3 17 4 2 1 11 2 15 
1 4 2 1 11 2 15 
2 1 2 1 11 3 17 2 2 2 10 3 16 
2 4 2 1 8 2 12 2 2 2 10 3 16 
1 4 2 1 9 2 13 
2 3 2 1 10 3 16 1 2 1 8 3 14 
2 4 2 1 9 2 13 2 2 2 11 3 17 
2 4 2 1 10 2 14 3 2 1 12 3 18 
1 3 2 1 11 3 17 
2 3 2 1 8 3 14 2 2 2 11 3 17 
2 1 2 1 11 3 17 2 2 2 10 3 16 
1 4 2 1 9 2 13 
2 4 2 1 8 2 12 2 2 2 10 3 16 
1 3 2 1 11 3 17 
2 3 2 1 10 3 16 1 2 1 8 3 14 
2 4 2 1 9 2 13 2 2 2 11 3 17 
1 4 2 1 11 2 15 
2 1 2 1 11 3 17 2 2 2 10 3 16 
2 1 2 1 11 3 17 4 2 1 11 2 15 
2 4 2 1 8 2 12 1 2 1 8 3 14 
1 3 2 1 11 3 17 
2 4 2 1 10 2 14 3 2 1 12 3 18 
2 1 2 1 9 3 15 2 2 2 9 3 15 
2 4 2 1 9 2 13 2 2 2 11 3 17 
1 3 2 1 10 3 16 
2 3 2 1 10 3 16 1 2 1 8 3 14 
1 3 2 1 11 3 17 
2 4 2 1 10 2 14 3 2 1 12 3 18 
2 4 2 1 8 2 12 1 2 1 8 3 14 
1 3 2 1 10 3 16 
1 4 2 1 11 2 15 
2 4 2 1 12 2 16 3 2 1 9 3 15 
2 1 2 1 9 3 15 2 2 2 9 3 15 
2 3 2 1 8 3 14 2 2 2 11 3 17 
1 4 2 1 11 2 15 
2 4 2 1 8 2 12 2 2 2 10 3 16 
2 1 2 1 9 3 15 2 2 2 9 3 15 
1 4 2 1 9 2 13 
2 1 2 1 11 3 17 4 2 1 12 2 16 
2 1 2 1 11 3 17 4 2 1 11 2 15 
2 1 2 1 11 3 17 2 2 2 10 3 16 
1 3 2 1 10 3 16 
2 1 2 1 11 3 17 2 2 2 10 3 16 
2 1 2 1 11 3 17 4 2 1 11 2 15 
2 1 2 1 11 3 17 4 2 1 12 2 16 
2 4 2 1 12 2 16 3 2 1 9 3 15 
2 1 2 1 9 3 15 2 2 2 9 3 15 
1 3 2 1 11 3 17 
1 3 2 1 10 3 16 
1 4 2 1 9 2 13 
2 4 2 1 8 2 12 2 2 2 10 3 16 
2 1 2 1 11 3 17 2 2 2 10 3 16 
2 1 2 1 11 3 17 4 2 1 11 2 15 
2 1 2 1 9 3 15 2 2 2 9 3 15 
1 3 2 1 10 3 16 
1 4 2 1 9 2 13 
1 3 2 1 11 3 17 
2 4 2 1 12 2 16 3 2 1 9 3 15 
1 4 2 1 11 2 15 
1 3 2 1 10 3 16 
2 4 2 1 10 2 14 3 2 1 12 3 18 
2 1 2 1 9 3 15 2 2 2 9 3 15 
1 3 2 1 11 3 17 
2 1 2 1 11 3 17 4 2 1 11 2 15 
1 4 2 1 11 2 15 
2 4 2 1 12 2 16 3 2 1 9 3 15 
2 1 2 1 11 3 17 4 2 1 11 2 15 
2 4 2 1 9 2 13 2 2 2 11 3 17 
2 4 2 1 9 2 13 2 2 2 11 3 17 
2 1 2 1 11 3 17 2 2 2 10 3 16 
2 3 2 1 10 3 16 1 2 1 8 3 14 
2 1 2 1 9 3 15 2 2 2 9 3 15 
2 3 2 1 10 3 16 1 2 1 8 3 14 
2 1 2 1 11 3 17 4 2 1 11 2 15 
2 1 2 1 11 3 17 2 2 2 10 3 16 
2 4 2 1 8 2 12 1 2 1 8 3 14 
2 4 2 1 9 2 13 2 2 2 11 3 17 
1 4 2 1 9 2 13 
1 3 2 1 11 3 17 
2 1 2 1 11 3 17 4 2 1 12 2 16 
2 4 2 1 12 2 16 3 2 1 9 3 15 
1 3 2 1 10 3 16 
2 4 2 1 8 2 12 2 2 2 10 3 16 
2 1 2 1 11 3 17 2 2 2 10 3 16 
2 1 2 1 9 3 15 2 2 2 9 3 15 
