20 15 8
12 13 11 11 14 11 14 13 11 12 10 11 11 10 12 14 13 11 13 13 
2 6 2 3 8 5 11 2 2 2 10 4 14 
2 7 2 2 16 5 19 6 2 3 14 5 17 
1 2 2 2 10 4 14 
4 8 3 1 12 5 15 6 22 3 2 3 21 8 27 4 2 3 13 7 16 9 2 4 11 7 14 
2 7 2 2 14 5 17 1 2 1 9 8 15 
4 1 2 1 10 8 16 7 2 2 19 5 22 9 2 4 16 7 19 4 2 3 10 7 13 
3 4 2 3 16 7 19 8 3 1 10 5 13 6 20 2 2 2 11 4 15 
5 3 2 3 11 8 17 1 2 1 21 8 27 9 2 4 17 7 20 10 3 1 21 6 28 8 34 2 2 2 21 4 25 
5 2 2 2 21 4 25 10 3 1 11 6 18 8 24 3 2 3 15 8 21 4 2 3 14 7 17 5 1 6 22 
2 9 2 4 14 7 17 10 3 1 7 6 14 8 20 
3 7 2 2 10 5 13 2 2 2 13 4 17 4 2 3 10 7 13 
4 1 2 1 8 8 14 6 2 3 16 5 19 5 1 6 18 10 3 1 9 6 16 8 22 
2 7 2 2 16 5 19 6 2 3 14 5 17 
4 2 2 2 21 4 25 10 3 1 11 6 18 8 24 5 1 6 16 8 3 1 18 5 21 6 28 
2 6 2 3 8 5 11 2 2 2 10 4 14 
2 2 2 2 16 4 20 1 2 1 11 8 17 
2 3 2 3 15 8 21 7 2 2 20 5 23 
4 4 2 3 14 7 17 10 3 1 16 6 23 8 29 5 1 6 17 7 2 2 20 5 23 
4 3 2 3 11 8 17 1 2 1 14 8 20 5 1 6 12 13 1 4 15 
5 3 2 3 11 8 17 1 2 1 21 8 27 9 2 4 17 7 20 10 3 1 21 6 28 8 34 2 2 2 21 4 25 
3 4 2 3 16 7 19 8 3 1 10 5 13 6 20 2 2 2 11 4 15 
4 8 3 1 12 5 15 6 22 3 2 3 21 8 27 4 2 3 13 7 16 9 2 4 11 7 14 
4 1 2 1 18 8 24 5 1 6 18 10 3 1 19 6 26 8 32 3 2 3 9 8 15 
2 9 2 4 14 7 17 10 3 1 7 6 14 8 20 
2 5 1 6 18 2 2 2 16 4 20 
4 3 2 3 11 8 17 1 2 1 14 8 20 5 1 6 12 13 1 4 15 
2 2 2 2 16 4 20 1 2 1 11 8 17 
2 7 2 2 14 5 17 1 2 1 9 8 15 
2 6 2 3 8 5 11 2 2 2 10 4 14 
4 1 2 1 8 8 14 6 2 3 16 5 19 5 1 6 18 10 3 1 9 6 16 8 22 
2 9 2 4 14 7 17 10 3 1 7 6 14 8 20 
5 3 2 3 11 8 17 1 2 1 21 8 27 9 2 4 17 7 20 10 3 1 21 6 28 8 34 2 2 2 21 4 25 
4 8 3 1 12 5 15 6 22 3 2 3 21 8 27 4 2 3 13 7 16 9 2 4 11 7 14 
4 2 2 2 21 4 25 10 3 1 11 6 18 8 24 5 1 6 16 8 3 1 18 5 21 6 28 
2 3 2 3 15 8 21 7 2 2 20 5 23 
2 2 2 2 10 4 14 9 2 4 23 7 26 
4 4 2 3 14 7 17 10 3 1 16 6 23 8 29 5 1 6 17 7 2 2 20 5 23 
5 3 2 3 11 8 17 1 2 1 21 8 27 9 2 4 17 7 20 10 3 1 21 6 28 8 34 2 2 2 21 4 25 
1 5 1 6 22 
1 2 2 2 10 4 14 
2 9 2 4 14 7 17 10 3 1 7 6 14 8 20 
2 7 2 2 16 5 19 6 2 3 14 5 17 
4 1 2 1 18 8 24 5 1 6 18 10 3 1 19 6 26 8 32 3 2 3 9 8 15 
2 10 3 1 15 6 22 8 28 6 2 3 14 5 17 
2 2 2 2 10 4 14 9 2 4 23 7 26 
3 4 2 3 16 7 19 8 3 1 10 5 13 6 20 2 2 2 11 4 15 
4 8 3 1 12 5 15 6 22 3 2 3 21 8 27 4 2 3 13 7 16 9 2 4 11 7 14 
2 7 2 2 16 5 19 6 2 3 14 5 17 
2 9 2 4 14 7 17 10 3 1 7 6 14 8 20 
4 5 1 6 18 7 2 2 13 5 16 10 3 1 13 6 20 8 26 2 2 2 21 4 25 
2 10 3 1 15 6 22 8 28 6 2 3 14 5 17 
4 1 2 1 18 8 24 5 1 6 18 10 3 1 19 6 26 8 32 3 2 3 9 8 15 
2 7 2 2 14 5 17 1 2 1 9 8 15 
4 3 2 3 11 8 17 1 2 1 14 8 20 5 1 6 12 13 1 4 15 
1 2 2 2 10 4 14 
4 2 2 2 21 4 25 10 3 1 11 6 18 8 24 5 1 6 16 8 3 1 18 5 21 6 28 
3 1 2 1 17 8 23 2 2 2 24 4 28 9 2 4 13 7 16 
4 1 2 1 8 8 14 6 2 3 16 5 19 5 1 6 18 10 3 1 9 6 16 8 22 
2 2 2 2 16 4 20 1 2 1 11 8 17 
4 4 2 3 14 7 17 10 3 1 16 6 23 8 29 5 1 6 17 7 2 2 20 5 23 
5 3 2 3 11 8 17 1 2 1 21 8 27 9 2 4 17 7 20 10 3 1 21 6 28 8 34 2 2 2 21 4 25 
3 1 2 1 17 8 23 2 2 2 24 4 28 9 2 4 13 7 16 
2 7 2 2 14 5 17 1 2 1 9 8 15 
4 8 3 1 12 5 15 6 22 3 2 3 21 8 27 4 2 3 13 7 16 9 2 4 11 7 14 
2 2 2 2 10 4 14 9 2 4 23 7 26 
4 5 1 6 18 7 2 2 13 5 16 10 3 1 13 6 20 8 26 2 2 2 21 4 25 
4 1 2 1 8 8 14 6 2 3 16 5 19 5 1 6 18 10 3 1 9 6 16 8 22 
2 7 2 2 16 5 19 6 2 3 14 5 17 
1 2 2 2 10 4 14 
3 7 2 2 10 5 13 2 2 2 13 4 17 4 2 3 10 7 13 
4 3 2 3 11 8 17 1 2 1 14 8 20 5 1 6 12 13 1 4 15 
1 5 1 6 22 
1 2 2 2 10 4 14 
2 7 2 2 16 5 19 6 2 3 14 5 17 
2 2 2 2 16 4 20 1 2 1 11 8 17 
2 9 2 4 14 7 17 10 3 1 7 6 14 8 20 
4 8 3 1 12 5 15 6 22 3 2 3 21 8 27 4 2 3 13 7 16 9 2 4 11 7 14 
3 1 2 1 17 8 23 2 2 2 24 4 28 9 2 4 13 7 16 
3 7 2 2 10 5 13 2 2 2 13 4 17 4 2 3 10 7 13 
4 2 2 2 21 4 25 10 3 1 11 6 18 8 24 5 1 6 16 8 3 1 18 5 21 6 28 
4 1 2 1 8 8 14 6 2 3 16 5 19 5 1 6 18 10 3 1 9 6 16 8 22 
1 5 1 6 22 
4 7 2 2 18 5 21 10 3 1 21 6 28 8 34 6 2 3 21 5 24 4 2 3 11 7 14 
4 3 2 3 11 8 17 1 2 1 14 8 20 5 1 6 12 13 1 4 15 
4 1 2 1 18 8 24 5 1 6 18 10 3 1 19 6 26 8 32 3 2 3 9 8 15 
2 7 2 2 14 5 17 1 2 1 9 8 15 
4 8 3 1 12 5 15 6 22 3 2 3 21 8 27 4 2 3 13 7 16 9 2 4 11 7 14 
2 10 3 1 15 6 22 8 28 6 2 3 14 5 17 
4 5 1 6 18 7 2 2 13 5 16 10 3 1 13 6 20 8 26 2 2 2 21 4 25 
3 4 2 3 16 7 19 8 3 1 10 5 13 6 20 2 2 2 11 4 15 
5 2 2 2 21 4 25 10 3 1 11 6 18 8 24 3 2 3 15 8 21 4 2 3 14 7 17 5 1 6 22 
3 1 2 1 17 8 23 2 2 2 24 4 28 9 2 4 13 7 16 
4 3 2 3 11 8 17 1 2 1 14 8 20 5 1 6 12 13 1 4 15 
3 7 2 2 10 5 13 2 2 2 13 4 17 4 2 3 10 7 13 
4 7 2 2 18 5 21 10 3 1 21 6 28 8 34 6 2 3 21 5 24 4 2 3 11 7 14 
4 1 2 1 8 8 14 6 2 3 16 5 19 5 1 6 18 10 3 1 9 6 16 8 22 
2 6 2 3 8 5 11 2 2 2 10 4 14 
4 1 2 1 18 8 24 5 1 6 18 10 3 1 19 6 26 8 32 3 2 3 9 8 15 
4 2 2 2 21 4 25 10 3 1 11 6 18 8 24 5 1 6 16 8 3 1 18 5 21 6 28 
2 7 2 2 16 5 19 6 2 3 14 5 17 
3 7 2 2 10 5 13 2 2 2 13 4 17 4 2 3 10 7 13 
4 8 3 1 12 5 15 6 22 3 2 3 21 8 27 4 2 3 13 7 16 9 2 4 11 7 14 
2 9 2 4 14 7 17 10 3 1 7 6 14 8 20 
4 2 2 2 21 4 25 10 3 1 11 6 18 8 24 5 1 6 16 8 3 1 18 5 21 6 28 
3 4 2 3 16 7 19 8 3 1 10 5 13 6 20 2 2 2 11 4 15 
4 7 2 2 18 5 21 10 3 1 21 6 28 8 34 6 2 3 21 5 24 4 2 3 11 7 14 
5 2 2 2 21 4 25 10 3 1 11 6 18 8 24 3 2 3 15 8 21 4 2 3 14 7 17 5 1 6 22 
4 1 2 1 10 8 16 7 2 2 19 5 22 9 2 4 16 7 19 4 2 3 10 7 13 
2 6 2 3 8 5 11 2 2 2 10 4 14 
2 2 2 2 16 4 20 1 2 1 11 8 17 
2 9 2 4 14 7 17 10 3 1 7 6 14 8 20 
1 5 1 6 22 
2 2 2 2 10 4 14 9 2 4 23 7 26 
3 1 2 1 17 8 23 2 2 2 24 4 28 9 2 4 13 7 16 
5 2 2 2 21 4 25 10 3 1 11 6 18 8 24 3 2 3 15 8 21 4 2 3 14 7 17 5 1 6 22 
4 1 2 1 8 8 14 6 2 3 16 5 19 5 1 6 18 10 3 1 9 6 16 8 22 
4 2 2 2 21 4 25 10 3 1 11 6 18 8 24 5 1 6 16 8 3 1 18 5 21 6 28 
4 1 2 1 18 8 24 5 1 6 18 10 3 1 19 6 26 8 32 3 2 3 9 8 15 
2 6 2 3 8 5 11 2 2 2 10 4 14 
2 3 2 3 15 8 21 7 2 2 20 5 23 
4 4 2 3 14 7 17 10 3 1 16 6 23 8 29 5 1 6 17 7 2 2 20 5 23 
4 8 3 1 12 5 15 6 22 3 2 3 21 8 27 4 2 3 13 7 16 9 2 4 11 7 14 
5 2 2 2 21 4 25 10 3 1 11 6 18 8 24 3 2 3 15 8 21 4 2 3 14 7 17 5 1 6 22 
4 5 1 6 18 7 2 2 13 5 16 10 3 1 13 6 20 8 26 2 2 2 21 4 25 
4 7 2 2 18 5 21 10 3 1 21 6 28 8 34 6 2 3 21 5 24 4 2 3 11 7 14 
2 9 2 4 14 7 17 10 3 1 7 6 14 8 20 
1 5 1 6 22 
2 2 2 2 16 4 20 1 2 1 11 8 17 
3 4 2 3 16 7 19 8 3 1 10 5 13 6 20 2 2 2 11 4 15 
2 2 2 2 10 4 14 9 2 4 23 7 26 
4 8 3 1 12 5 15 6 22 3 2 3 21 8 27 4 2 3 13 7 16 9 2 4 11 7 14 
4 1 2 1 18 8 24 5 1 6 18 10 3 1 19 6 26 8 32 3 2 3 9 8 15 
2 10 3 1 15 6 22 8 28 6 2 3 14 5 17 
1 5 1 6 22 
2 9 2 4 14 7 17 10 3 1 7 6 14 8 20 
4 1 2 1 10 8 16 7 2 2 19 5 22 9 2 4 16 7 19 4 2 3 10 7 13 
4 3 2 3 11 8 17 1 2 1 14 8 20 5 1 6 12 13 1 4 15 
3 4 2 3 16 7 19 8 3 1 10 5 13 6 20 2 2 2 11 4 15 
3 7 2 2 10 5 13 2 2 2 13 4 17 4 2 3 10 7 13 
1 2 2 2 10 4 14 
4 1 2 1 8 8 14 6 2 3 16 5 19 5 1 6 18 10 3 1 9 6 16 8 22 
4 2 2 2 21 4 25 10 3 1 11 6 18 8 24 5 1 6 16 8 3 1 18 5 21 6 28 
2 7 2 2 14 5 17 1 2 1 9 8 15 
3 7 2 2 10 5 13 2 2 2 13 4 17 4 2 3 10 7 13 
2 2 2 2 10 4 14 9 2 4 23 7 26 
4 1 2 1 10 8 16 7 2 2 19 5 22 9 2 4 16 7 19 4 2 3 10 7 13 
4 5 1 6 18 7 2 2 13 5 16 10 3 1 13 6 20 8 26 2 2 2 21 4 25 
3 1 2 1 17 8 23 2 2 2 24 4 28 9 2 4 13 7 16 
4 1 2 1 18 8 24 5 1 6 18 10 3 1 19 6 26 8 32 3 2 3 9 8 15 
2 6 2 3 8 5 11 2 2 2 10 4 14 
2 7 2 2 16 5 19 6 2 3 14 5 17 
5 3 2 3 11 8 17 1 2 1 21 8 27 9 2 4 17 7 20 10 3 1 21 6 28 8 34 2 2 2 21 4 25 
4 8 3 1 12 5 15 6 22 3 2 3 21 8 27 4 2 3 13 7 16 9 2 4 11 7 14 
3 4 2 3 16 7 19 8 3 1 10 5 13 6 20 2 2 2 11 4 15 
2 5 1 6 18 2 2 2 16 4 20 
4 8 3 1 12 5 15 6 22 3 2 3 21 8 27 4 2 3 13 7 16 9 2 4 11 7 14 
2 7 2 2 14 5 17 1 2 1 9 8 15 
2 6 2 3 8 5 11 2 2 2 10 4 14 
4 3 2 3 11 8 17 1 2 1 14 8 20 5 1 6 12 13 1 4 15 
1 5 1 6 22 
2 9 2 4 14 7 17 10 3 1 7 6 14 8 20 
4 1 2 1 18 8 24 5 1 6 18 10 3 1 19 6 26 8 32 3 2 3 9 8 15 
3 4 2 3 16 7 19 8 3 1 10 5 13 6 20 2 2 2 11 4 15 
2 3 2 3 15 8 21 7 2 2 20 5 23 
4 8 3 1 12 5 15 6 22 3 2 3 21 8 27 4 2 3 13 7 16 9 2 4 11 7 14 
1 5 1 6 22 
3 1 2 1 17 8 23 2 2 2 24 4 28 9 2 4 13 7 16 
4 7 2 2 18 5 21 10 3 1 21 6 28 8 34 6 2 3 21 5 24 4 2 3 11 7 14 
4 2 2 2 21 4 25 10 3 1 11 6 18 8 24 5 1 6 16 8 3 1 18 5 21 6 28 
4 1 2 1 10 8 16 7 2 2 19 5 22 9 2 4 16 7 19 4 2 3 10 7 13 
3 7 2 2 10 5 13 2 2 2 13 4 17 4 2 3 10 7 13 
2 10 3 1 15 6 22 8 28 6 2 3 14 5 17 
2 9 2 4 14 7 17 10 3 1 7 6 14 8 20 
2 3 2 3 15 8 21 7 2 2 20 5 23 
2 6 2 3 8 5 11 2 2 2 10 4 14 
4 3 2 3 11 8 17 1 2 1 14 8 20 5 1 6 12 13 1 4 15 
2 7 2 2 16 5 19 6 2 3 14 5 17 
1 5 1 6 22 
2 2 2 2 10 4 14 9 2 4 23 7 26 
4 1 2 1 10 8 16 7 2 2 19 5 22 9 2 4 16 7 19 4 2 3 10 7 13 
1 2 2 2 10 4 14 
4 3 2 3 11 8 17 1 2 1 14 8 20 5 1 6 12 13 1 4 15 
3 4 2 3 16 7 19 8 3 1 10 5 13 6 20 2 2 2 11 4 15 
3 1 2 1 17 8 23 2 2 2 24 4 28 9 2 4 13 7 16 
4 4 2 3 14 7 17 10 3 1 16 6 23 8 29 5 1 6 17 7 2 2 20 5 23 
2 6 2 3 8 5 11 2 2 2 10 4 14 
2 9 2 4 14 7 17 10 3 1 7 6 14 8 20 
2 5 1 6 18 2 2 2 16 4 20 
5 3 2 3 11 8 17 1 2 1 21 8 27 9 2 4 17 7 20 10 3 1 21 6 28 8 34 2 2 2 21 4 25 
2 10 3 1 15 6 22 8 28 6 2 3 14 5 17 
4 7 2 2 18 5 21 10 3 1 21 6 28 8 34 6 2 3 21 5 24 4 2 3 11 7 14 
5 2 2 2 21 4 25 10 3 1 11 6 18 8 24 3 2 3 15 8 21 4 2 3 14 7 17 5 1 6 22 
3 4 2 3 16 7 19 8 3 1 10 5 13 6 20 2 2 2 11 4 15 
2 7 2 2 16 5 19 6 2 3 14 5 17 
2 10 3 1 15 6 22 8 28 6 2 3 14 5 17 
4 2 2 2 21 4 25 10 3 1 11 6 18 8 24 5 1 6 16 8 3 1 18 5 21 6 28 
4 8 3 1 12 5 15 6 22 3 2 3 21 8 27 4 2 3 13 7 16 9 2 4 11 7 14 
4 3 2 3 11 8 17 1 2 1 14 8 20 5 1 6 12 13 1 4 15 
2 6 2 3 8 5 11 2 2 2 10 4 14 
2 7 2 2 14 5 17 1 2 1 9 8 15 
4 1 2 1 18 8 24 5 1 6 18 10 3 1 19 6 26 8 32 3 2 3 9 8 15 
2 2 2 2 10 4 14 9 2 4 23 7 26 
5 3 2 3 11 8 17 1 2 1 21 8 27 9 2 4 17 7 20 10 3 1 21 6 28 8 34 2 2 2 21 4 25 
4 7 2 2 18 5 21 10 3 1 21 6 28 8 34 6 2 3 21 5 24 4 2 3 11 7 14 
4 1 2 1 8 8 14 6 2 3 16 5 19 5 1 6 18 10 3 1 9 6 16 8 22 
4 2 2 2 21 4 25 10 3 1 11 6 18 8 24 5 1 6 16 8 3 1 18 5 21 6 28 
2 10 3 1 15 6 22 8 28 6 2 3 14 5 17 
2 2 2 2 10 4 14 9 2 4 23 7 26 
2 5 1 6 18 2 2 2 16 4 20 
5 2 2 2 21 4 25 10 3 1 11 6 18 8 24 3 2 3 15 8 21 4 2 3 14 7 17 5 1 6 22 
2 6 2 3 8 5 11 2 2 2 10 4 14 
3 1 2 1 17 8 23 2 2 2 24 4 28 9 2 4 13 7 16 
1 2 2 2 10 4 14 
4 4 2 3 14 7 17 10 3 1 16 6 23 8 29 5 1 6 17 7 2 2 20 5 23 
2 2 2 2 10 4 14 9 2 4 23 7 26 
2 6 2 3 8 5 11 2 2 2 10 4 14 
3 4 2 3 16 7 19 8 3 1 10 5 13 6 20 2 2 2 11 4 15 
2 7 2 2 14 5 17 1 2 1 9 8 15 
2 3 2 3 15 8 21 7 2 2 20 5 23 
1 5 1 6 22 
4 1 2 1 18 8 24 5 1 6 18 10 3 1 19 6 26 8 32 3 2 3 9 8 15 
3 1 2 1 17 8 23 2 2 2 24 4 28 9 2 4 13 7 16 
2 10 3 1 15 6 22 8 28 6 2 3 14 5 17 
2 2 2 2 16 4 20 1 2 1 11 8 17 
3 7 2 2 10 5 13 2 2 2 13 4 17 4 2 3 10 7 13 
4 3 2 3 11 8 17 1 2 1 14 8 20 5 1 6 12 13 1 4 15 
4 5 1 6 18 7 2 2 13 5 16 10 3 1 13 6 20 8 26 2 2 2 21 4 25 
4 1 2 1 18 8 24 5 1 6 18 10 3 1 19 6 26 8 32 3 2 3 9 8 15 
3 1 2 1 17 8 23 2 2 2 24 4 28 9 2 4 13 7 16 
4 3 2 3 11 8 17 1 2 1 14 8 20 5 1 6 12 13 1 4 15 
2 2 2 2 10 4 14 9 2 4 23 7 26 
4 2 2 2 21 4 25 10 3 1 11 6 18 8 24 5 1 6 16 8 3 1 18 5 21 6 28 
1 5 1 6 22 
4 5 1 6 18 7 2 2 13 5 16 10 3 1 13 6 20 8 26 2 2 2 21 4 25 
4 8 3 1 12 5 15 6 22 3 2 3 21 8 27 4 2 3 13 7 16 9 2 4 11 7 14 
2 7 2 2 16 5 19 6 2 3 14 5 17 
4 1 2 1 10 8 16 7 2 2 19 5 22 9 2 4 16 7 19 4 2 3 10 7 13 
4 7 2 2 18 5 21 10 3 1 21 6 28 8 34 6 2 3 21 5 24 4 2 3 11 7 14 
2 3 2 3 15 8 21 7 2 2 20 5 23 
2 7 2 2 14 5 17 1 2 1 9 8 15 
