10 10
4 4 5 4 3 
4 3 87 7 56 2 96 8 65 3 5 64 10 66 7 18 3 7 34 5 86 3 19 2 10 41 8 41 
3 5 91 6 63 7 99 2 8 69 9 34 2 1 54 5 28 4 5 30 9 83 10 94 1 89 3 4 42 1 33 6 78 
4 4 52 8 44 9 92 10 58 2 4 19 6 43 4 7 18 5 54 2 59 8 54 3 5 15 6 57 3 43 
4 9 94 4 62 1 99 7 68 2 7 18 4 58 3 7 41 8 37 5 27 
4 3 4 5 5 
3 6 55 9 64 7 19 4 3 38 7 16 9 72 2 91 3 10 19 9 88 8 35 
2 8 27 2 24 3 9 64 4 87 2 52 3 6 78 10 87 5 60 4 6 89 2 11 3 86 1 22 
3 10 37 4 49 1 33 2 4 30 5 42 3 10 36 1 76 4 33 4 6 49 4 95 9 86 3 73 2 7 19 4 10 
3 9 30 2 16 1 88 4 6 63 10 29 2 84 5 56 4 3 64 2 23 4 44 1 77 3 4 92 8 22 1 10 2 4 78 10 80 
4 5 4 4 3 
4 4 59 7 91 10 12 8 25 2 1 76 6 53 2 4 77 10 53 4 2 77 1 85 3 30 9 36 2 8 40 3 22 
2 9 80 7 74 3 10 77 8 26 9 15 3 9 52 6 49 7 10 2 6 86 7 64 
3 3 24 5 71 1 83 2 6 75 2 37 2 2 32 7 60 4 2 69 6 61 4 59 5 43 
3 3 48 5 92 1 30 3 5 92 8 82 6 85 2 10 11 7 95 
2 3 3 
4 4 35 2 36 9 75 3 96 3 3 97 10 38 7 64 4 1 87 2 53 8 23 9 16 
3 6 68 4 25 3 70 4 3 23 5 27 9 83 7 43 4 3 11 6 38 2 52 4 34 
2 5 5 
2 9 54 10 21 3 1 59 8 44 10 73 4 8 69 9 93 5 76 1 14 2 7 30 1 36 4 3 95 4 72 9 98 8 20 
4 5 94 9 73 1 33 2 53 3 8 95 5 60 1 91 2 8 32 9 49 4 9 23 4 10 1 78 3 61 2 2 52 1 35 
3 5 3 3 
2 5 88 8 65 3 8 19 3 31 10 71 2 8 35 3 93 3 7 21 4 53 1 75 3 6 10 10 16 5 96 
2 7 90 9 90 4 7 50 3 50 2 53 9 73 3 10 97 4 93 3 72 
4 4 97 9 33 5 61 6 62 3 8 63 6 93 4 40 4 3 24 1 90 9 33 6 26 
3 4 4 5 
2 2 41 1 69 3 10 92 1 78 9 26 4 8 19 1 11 7 55 6 90 3 5 83 8 18 4 37 
2 3 32 9 50 4 8 49 5 13 9 75 6 42 4 6 55 4 14 1 80 3 28 4 10 75 1 73 7 64 2 87 
4 4 84 1 56 6 87 2 60 3 1 10 3 21 4 33 3 9 35 4 22 10 11 2 1 93 10 53 3 2 32 5 10 7 38 
3 4 3 5 
2 9 37 6 33 2 2 35 8 16 3 9 15 6 20 1 21 4 6 47 5 56 3 99 10 26 
2 10 24 5 72 2 6 82 8 88 3 7 99 8 55 9 44 
2 7 78 1 50 3 4 64 6 42 1 56 4 7 97 10 28 3 59 4 52 2 3 57 8 96 4 5 20 4 84 1 28 10 83 
2 5 5 
3 1 74 7 17 2 47 2 9 22 4 13 2 4 22 6 60 4 2 25 4 93 9 35 6 57 3 1 32 5 75 6 51 
3 9 71 1 15 6 98 4 7 98 9 23 10 66 3 51 4 5 51 9 17 8 56 7 25 2 5 31 8 45 2 5 46 2 86 
4 3 4 4 5 
2 5 94 4 51 4 2 94 3 32 8 86 6 19 4 10 45 7 53 9 73 3 67 
2 5 94 8 35 2 6 81 4 23 3 3 92 1 26 6 18 3 10 79 9 14 3 21 
3 6 40 3 35 10 62 3 3 21 4 64 10 65 3 5 75 6 64 9 41 3 1 84 6 36 5 78 
2 1 69 9 78 3 3 62 8 38 10 79 2 8 83 2 62 4 1 28 6 87 9 17 5 35 4 8 50 3 19 2 66 9 90 
