10 10
3 4 5 5 
4 10 96 9 93 1 38 5 63 4 8 80 5 13 4 60 10 34 3 10 23 2 27 5 19 4 8 44 4 16 5 28 1 68 
4 4 10 9 25 8 59 1 70 4 3 10 5 91 4 32 2 72 4 7 25 4 65 8 27 6 86 4 6 11 1 52 5 70 7 61 3 1 77 3 82 6 51 
4 1 53 9 57 3 45 5 48 2 4 28 8 98 4 2 65 6 76 4 14 3 52 4 3 43 10 19 6 12 2 67 3 2 37 9 99 8 41 
4 4 5 5 4 
3 1 19 5 89 7 67 2 5 75 4 91 4 3 93 10 70 5 66 4 62 3 1 70 6 10 2 52 
4 3 45 7 92 9 58 4 76 4 1 75 8 41 6 95 5 60 3 8 30 1 97 6 84 2 2 29 4 20 3 2 93 5 89 1 44 
2 4 89 3 39 2 6 87 8 19 3 1 41 3 36 7 21 2 3 82 6 97 4 2 70 8 11 7 80 4 23 
2 5 72 6 98 2 5 40 7 19 4 8 64 10 23 2 24 6 65 2 2 23 1 78 
2 4 3 
2 6 50 3 21 3 4 85 9 34 1 28 3 4 29 6 87 2 53 4 2 20 3 42 1 74 6 26 
3 5 69 3 14 10 83 2 5 77 6 68 3 1 99 2 77 3 49 
3 4 5 5 
4 5 99 7 26 9 11 8 56 3 2 86 10 89 7 88 3 3 69 6 23 1 70 4 2 47 7 42 6 81 5 16 
3 9 46 7 58 8 30 2 7 69 5 42 4 5 66 7 30 1 41 6 37 2 4 78 1 34 4 7 25 6 70 1 66 5 17 
2 2 49 3 10 3 2 88 10 10 6 37 4 6 90 10 49 8 35 9 11 4 10 12 4 19 9 43 5 59 3 4 89 3 20 2 13 
3 3 4 4 
2 10 50 2 67 2 2 94 6 71 3 9 21 10 77 8 31 
2 3 36 4 85 4 1 51 9 38 6 48 7 27 2 3 39 2 10 3 4 51 5 40 3 84 
3 3 46 9 76 4 42 2 4 84 10 89 4 2 19 8 29 7 36 3 71 3 4 17 9 25 3 68 
2 5 3 
3 2 58 6 68 8 72 3 6 90 2 58 1 93 4 2 52 6 57 9 57 4 65 2 4 48 7 43 2 2 62 4 85 
4 7 69 2 77 10 53 6 37 4 8 86 9 25 2 59 5 50 3 6 40 3 33 1 50 
2 5 4 
4 10 91 1 40 6 22 2 30 3 5 48 1 68 4 46 2 6 40 3 20 4 5 15 2 14 10 52 1 89 2 8 61 2 56 
3 10 33 2 71 7 98 3 4 29 2 33 6 92 2 5 19 2 71 4 2 26 6 69 4 18 5 94 
4 4 4 5 3 
2 8 22 1 11 2 10 79 4 96 2 4 81 5 96 4 10 99 5 41 1 39 8 16 
4 1 51 8 96 7 85 3 72 3 4 32 7 82 2 17 4 6 98 9 90 3 16 8 57 4 10 83 4 47 2 33 7 33 
3 6 69 2 98 8 67 3 7 56 8 26 10 17 2 8 14 1 94 4 9 38 4 64 10 69 8 29 3 1 52 6 52 2 87 
3 9 73 1 96 3 94 4 1 66 9 67 5 91 7 28 3 4 71 3 65 8 10 
2 3 4 
3 4 33 5 10 2 79 2 10 52 6 74 4 9 14 10 89 3 35 8 69 
3 2 66 10 29 9 38 3 7 61 3 21 8 47 3 8 39 9 65 2 65 2 1 91 7 84 
4 5 4 5 5 
2 4 22 5 19 4 8 35 6 25 1 96 9 40 3 7 20 6 18 5 93 3 6 90 3 10 4 27 2 9 93 2 17 
2 1 83 3 38 3 8 15 6 38 9 83 3 8 29 7 58 1 51 2 6 44 4 55 
4 5 62 3 14 1 87 8 55 3 9 96 5 20 7 41 2 4 90 5 83 3 5 11 6 69 8 10 3 7 33 6 67 8 39 
2 5 63 3 83 4 5 85 10 60 9 51 7 25 3 6 44 10 52 8 36 3 6 16 3 32 4 14 3 7 35 5 25 8 71 
