10 10
2 5 5 
4 4 54 6 79 3 81 7 81 4 3 83 4 75 2 75 8 82 3 6 11 5 47 3 62 2 4 75 5 29 2 10 11 2 48 
3 4 64 6 48 2 65 3 3 10 5 12 2 26 2 10 76 6 92 3 1 72 10 60 7 80 3 10 84 7 95 8 49 
2 4 4 
4 8 97 9 64 10 75 5 20 3 9 70 10 72 1 40 2 9 84 7 20 4 6 42 5 78 9 26 2 46 
4 1 75 6 56 7 13 4 79 2 6 36 8 87 2 2 33 1 77 3 9 59 7 88 6 80 
4 3 5 4 3 
2 4 36 8 20 4 2 69 10 99 3 25 9 50 3 1 42 6 43 4 19 
2 5 71 1 69 3 10 44 3 12 7 50 4 8 65 4 64 2 76 6 30 3 9 12 10 51 4 29 3 3 91 8 83 7 82 
2 9 21 1 62 2 4 19 6 39 2 1 40 4 41 2 8 21 10 31 
4 5 96 3 39 8 57 7 93 4 5 69 7 75 9 39 2 28 3 10 43 8 38 6 34 
4 5 4 4 3 
2 8 77 10 12 3 1 70 7 49 2 51 4 6 66 7 69 5 32 9 51 2 4 17 5 60 2 8 48 3 83 
2 9 73 2 61 3 9 66 2 92 1 95 4 7 17 10 10 8 51 1 40 4 10 92 8 75 7 76 3 32 
2 2 60 9 56 3 2 24 9 18 4 17 2 7 77 4 36 2 3 39 2 32 
4 2 91 6 16 7 14 10 70 4 1 61 9 63 4 15 5 36 2 10 59 4 15 
2 3 5 
2 2 77 6 73 4 8 46 7 16 2 25 1 20 4 4 32 9 54 3 31 6 76 
4 7 16 1 21 6 34 5 39 4 3 80 2 85 9 24 8 76 2 7 29 9 71 2 7 19 1 39 2 1 84 2 31 
2 5 4 
2 2 33 7 95 4 1 66 8 30 5 75 2 75 3 9 86 6 93 8 24 2 6 85 1 85 2 10 77 4 41 
3 9 60 2 57 5 52 3 10 91 1 32 9 13 3 9 44 2 67 10 52 4 4 98 8 31 5 86 9 89 
4 5 4 5 3 
3 3 37 4 25 10 62 3 4 64 10 20 8 87 3 10 86 8 18 7 20 2 1 81 2 48 2 10 86 8 53 
2 2 25 6 54 3 8 16 10 56 3 45 2 2 25 8 92 4 4 68 2 93 10 52 5 20 
4 7 66 5 52 4 57 8 17 2 2 95 4 80 4 4 95 8 63 9 92 6 82 4 8 61 4 84 10 87 3 88 4 8 28 3 97 6 44 5 33 
3 2 23 5 27 10 54 3 10 71 7 36 3 57 2 9 64 8 69 
3 3 4 5 
3 9 90 4 46 1 15 4 7 63 9 37 6 44 8 48 4 1 23 8 16 9 62 3 33 
3 9 20 10 35 4 18 2 10 32 6 25 4 10 44 1 75 4 82 5 75 3 5 62 4 68 9 76 
3 3 88 5 34 1 28 3 1 63 4 62 7 10 3 7 47 3 86 5 10 3 3 40 2 73 5 64 3 9 47 5 51 2 16 
2 4 4 
4 7 72 9 58 2 19 8 65 3 2 68 9 85 10 90 4 10 23 8 45 6 34 9 29 3 6 37 2 35 8 73 
3 7 73 2 60 4 71 2 6 43 9 72 3 8 43 6 71 1 35 2 7 36 6 21 
3 3 4 5 
2 10 94 9 45 2 3 55 9 31 4 4 10 3 53 9 72 5 14 
4 2 24 5 24 6 79 10 16 4 1 34 10 30 4 93 5 64 3 10 60 2 12 4 33 4 10 31 6 96 8 52 2 87 
3 1 89 9 43 2 75 4 10 57 6 78 9 59 1 15 2 4 96 7 48 3 7 53 5 27 3 59 4 4 23 2 65 10 63 9 59 
