10 10
3 3 5 3 
2 10 89 2 65 3 6 64 5 46 10 88 4 6 44 8 42 2 28 7 61 
2 7 63 4 37 4 1 33 6 96 7 38 5 52 4 5 38 1 31 8 74 4 63 3 4 15 6 85 3 32 3 10 60 7 37 4 75 
4 4 11 9 45 3 22 6 59 2 10 82 3 62 2 6 37 8 83 
4 5 5 4 5 
4 3 88 2 74 5 67 7 21 2 10 68 8 89 2 1 69 5 35 2 2 33 3 48 4 8 96 7 22 6 66 3 86 
4 5 58 9 53 6 66 4 67 2 2 62 4 96 3 7 65 2 85 4 70 4 9 76 4 94 7 72 6 53 4 8 16 10 57 9 90 5 11 
2 10 28 8 46 4 2 32 8 62 1 17 3 44 2 5 28 3 99 4 6 59 7 96 2 70 1 58 
2 4 99 6 14 2 8 93 4 20 4 1 36 4 72 6 81 5 51 4 7 55 5 69 3 32 1 36 4 5 54 10 14 7 86 6 35 
4 4 3 5 3 
3 5 50 10 24 8 19 4 10 19 6 11 7 93 9 15 2 4 69 9 93 4 8 85 10 13 1 60 9 25 
3 4 48 8 87 10 98 4 5 35 1 69 6 51 2 56 2 4 38 7 47 
3 7 39 3 30 1 45 4 1 29 5 63 9 23 4 89 3 7 24 3 56 5 25 3 8 78 6 15 4 27 3 5 88 8 66 6 93 
2 5 21 2 50 3 8 76 7 24 4 15 4 9 89 8 72 5 33 6 14 
2 3 4 
2 1 45 3 67 2 5 68 3 47 3 2 53 7 16 10 96 
3 3 29 7 60 6 14 2 10 84 7 59 4 6 89 10 77 9 10 8 36 4 2 67 7 97 10 24 5 96 
3 3 5 4 
3 2 80 8 56 10 47 3 2 52 9 89 7 21 4 4 17 3 67 10 24 2 49 
2 1 89 3 96 3 2 88 6 49 5 35 4 2 33 7 83 8 83 3 26 3 9 86 5 73 2 45 2 1 96 10 14 
4 6 45 8 51 10 59 7 15 4 9 26 3 42 10 49 1 55 3 9 82 4 50 8 51 4 5 37 7 54 9 81 2 63 
3 5 5 3 
3 3 33 5 90 10 14 2 2 86 8 15 3 1 34 10 10 6 72 2 4 93 8 34 3 8 51 1 56 5 59 
2 10 51 7 53 4 9 71 7 95 2 60 10 86 2 4 68 6 88 4 8 62 10 96 3 16 1 52 2 1 74 6 12 
3 6 87 7 91 9 26 3 2 35 6 40 8 98 2 10 12 4 79 
4 5 4 5 4 
4 9 83 6 58 3 63 7 30 3 4 97 7 95 3 24 3 8 53 3 93 10 99 2 9 83 10 11 4 1 40 10 40 2 26 5 59 
2 6 45 4 79 4 5 44 9 75 10 54 6 75 3 9 50 4 89 7 18 4 3 56 1 31 6 98 10 15 
3 8 60 7 75 4 39 4 4 59 9 53 2 72 8 97 4 1 91 3 31 4 26 7 71 3 3 69 10 98 8 65 4 6 80 1 76 10 18 3 38 
2 3 60 8 48 2 5 78 1 61 2 1 45 2 52 3 4 47 8 23 6 26 
3 4 5 5 
2 9 11 1 62 4 5 28 3 89 4 92 2 69 2 8 56 7 89 2 9 48 3 49 
2 4 53 10 12 3 6 58 8 40 4 13 2 1 56 2 11 3 3 47 8 26 4 34 2 5 56 10 48 
3 9 13 10 25 7 46 4 7 80 6 90 5 33 9 73 2 6 27 2 21 3 6 28 2 76 7 50 4 3 32 6 52 7 18 8 86 
2 3 3 
3 5 75 3 61 4 40 4 8 35 5 28 2 53 4 35 4 8 25 6 35 4 45 1 64 
2 10 99 3 27 4 7 60 9 98 10 14 3 49 4 1 61 3 79 9 46 6 72 
2 3 3 
2 2 13 9 37 3 7 18 6 67 4 58 3 6 33 3 37 9 20 
4 4 19 7 58 8 97 10 96 2 7 35 10 43 4 1 76 5 19 4 65 8 93 
