10 10
2 5 4 
2 2 94 7 35 4 2 85 5 97 4 86 7 51 2 4 96 1 71 2 2 51 8 90 3 2 44 10 54 5 66 
3 2 17 10 51 3 42 4 2 56 1 46 6 34 9 93 3 2 30 10 98 3 22 4 2 29 4 69 3 49 5 14 
2 4 5 
4 7 49 4 98 8 92 2 10 3 9 55 1 49 7 38 3 7 16 2 96 1 96 3 3 30 9 23 4 67 
2 9 55 6 86 2 3 92 4 74 3 6 32 8 83 2 60 4 10 41 5 62 9 87 1 53 2 7 23 4 99 
4 4 4 3 4 
4 3 46 5 76 4 62 6 37 2 5 60 3 11 4 2 57 5 56 6 29 9 27 4 6 86 2 34 10 64 3 99 
2 9 41 4 28 2 10 36 9 86 4 2 23 1 16 9 22 3 30 4 2 42 10 48 1 59 8 28 
2 2 19 3 24 3 10 24 8 13 7 64 3 10 85 5 32 1 97 
4 3 67 9 56 7 90 4 43 3 5 60 3 83 8 78 2 6 45 10 61 2 1 15 6 65 
3 3 4 4 
3 9 70 10 78 1 49 3 3 24 5 16 1 44 3 1 33 8 26 3 83 
3 1 35 6 77 10 33 2 3 73 10 61 3 8 14 7 79 4 55 4 4 41 5 84 7 71 8 54 
4 5 74 2 44 3 15 8 22 4 2 14 8 24 9 47 5 81 2 3 97 7 52 2 8 11 9 62 
2 5 5 
2 9 46 2 60 4 9 21 5 19 7 36 3 55 3 1 91 6 16 7 48 3 2 76 4 51 9 35 4 6 38 7 83 9 74 5 19 
2 8 90 1 74 4 7 93 6 71 5 47 2 13 4 2 77 3 25 7 99 1 77 3 6 28 8 98 3 56 4 5 95 10 84 9 31 8 13 
4 3 3 5 4 
4 2 46 1 23 8 42 9 52 2 9 67 1 84 3 4 15 2 97 1 73 
4 4 24 10 65 3 20 5 64 2 9 41 10 24 2 3 68 10 14 
3 9 61 2 54 6 39 3 7 61 5 48 2 27 3 2 45 5 50 1 32 3 8 32 9 12 1 88 3 3 94 7 78 8 67 
3 1 82 4 41 6 97 3 5 65 6 61 7 87 3 4 34 5 16 1 99 3 1 26 4 97 2 56 
4 3 3 4 4 
2 1 71 8 25 4 8 57 2 98 9 44 6 44 3 3 97 5 39 9 21 
4 9 38 10 99 4 22 3 30 2 8 60 9 38 4 5 66 2 69 10 31 7 80 
3 1 82 6 65 5 54 3 4 97 8 18 5 66 4 8 62 2 85 9 43 7 81 2 5 17 3 17 
3 2 52 10 22 1 96 2 4 60 9 63 4 3 39 7 57 10 42 1 71 4 8 92 10 25 9 29 4 57 
4 4 3 3 3 
3 10 10 1 31 5 76 2 8 10 7 51 2 10 21 3 27 4 1 74 4 93 7 79 6 89 
3 5 49 4 70 6 79 4 7 62 8 91 3 31 4 35 2 9 31 7 64 
3 6 57 8 29 9 83 3 10 72 7 74 3 91 4 5 24 10 36 7 36 8 60 
3 7 59 4 26 1 67 4 1 54 8 44 10 24 9 52 4 7 78 8 20 5 35 4 69 
4 3 4 3 4 
4 10 79 1 24 7 87 9 68 2 4 59 7 95 3 9 37 6 38 7 49 
4 7 29 5 62 6 76 9 75 3 10 14 9 28 4 23 4 10 84 1 75 7 78 3 62 3 3 62 6 56 10 80 
2 6 91 2 72 4 4 14 6 38 8 40 10 29 4 4 86 8 25 10 63 6 89 
3 4 89 2 48 7 30 2 2 93 4 93 3 3 53 1 84 4 22 2 6 42 2 80 
3 3 5 5 
4 4 39 2 19 9 93 7 32 2 1 84 7 18 3 2 83 10 12 1 74 
4 9 39 5 93 7 91 3 82 3 2 76 6 48 10 79 4 10 41 3 59 4 45 6 22 4 7 77 3 51 6 15 5 69 3 10 55 5 31 9 82 
4 9 85 5 15 7 62 3 50 2 3 85 6 11 4 4 91 1 22 5 26 7 98 2 4 37 3 12 2 4 77 3 55 
