10 10
4 4 3 4 5 
2 94 9 87 4 31 8 80 
5 36 2 57 0 74 
0 43 4 96 6 14 9 59 
3 59 5 31 7 19 4 28 6 28 
4 5 3 5 4 
7 85 2 76 6 16 9 61 5 66 
3 36 5 97 7 63 
8 73 7 32 6 16 5 45 0 22 
2 17 4 12 9 23 0 25 
2 4 4 
3 81 5 98 6 51 7 22 
1 99 0 54 9 41 8 62 
3 5 4 4 
6 12 3 88 9 73 7 73 8 13 
2 36 3 79 1 13 0 89 
1 67 8 34 2 24 3 89 
2 5 5 
9 61 8 75 7 89 6 32 3 68 
1 45 2 28 6 83 5 54 7 38 
4 5 4 4 4 
9 26 8 69 7 91 4 25 6 68 
8 81 2 46 4 28 5 25 
4 51 3 85 7 55 1 14 
8 75 2 46 3 67 5 35 
2 4 3 
9 30 3 51 7 47 5 74 
6 84 2 55 7 15 
2 3 5 
8 94 7 93 5 52 
0 63 1 63 6 53 7 31 9 92 
4 4 3 3 3 
8 88 7 92 4 95 1 31 
8 83 7 48 4 94 
5 38 3 68 6 68 
9 72 0 39 8 35 
3 3 4 5 
2 18 4 28 1 49 
3 91 4 55 6 66 7 46 
5 80 7 29 0 34 1 41 9 56 
