10 10
4 3 4 4 3 
1 82 0 79 6 65 
5 92 6 95 8 36 4 28 
0 70 7 58 9 59 5 18 
8 50 1 36 0 88 
2 5 4 
0 91 3 24 9 21 7 12 1 25 
6 26 1 43 7 38 2 71 
3 3 4 3 
4 59 2 14 9 23 
5 79 0 79 6 43 7 66 
0 90 2 12 7 25 
2 4 3 
6 30 1 31 0 61 3 76 
6 57 9 22 1 40 
2 3 4 
1 89 0 79 5 69 
7 19 8 48 6 13 0 77 
3 3 4 4 
2 73 5 23 1 12 
5 83 6 10 3 55 1 27 
1 35 7 99 0 40 3 84 
4 3 4 5 5 
4 79 0 76 2 54 
9 66 6 43 2 54 3 71 
0 98 3 31 2 25 1 66 6 22 
2 16 4 88 6 82 9 53 0 70 
3 3 3 5 
7 90 4 95 2 47 
9 15 7 30 4 42 
4 69 1 46 2 98 5 89 8 80 
3 5 5 4 
3 95 4 59 8 84 0 50 7 73 
7 43 0 39 8 25 9 14 6 98 
7 20 2 25 9 25 3 49 
4 3 4 4 3 
1 60 5 26 7 90 
5 98 3 90 1 88 2 96 
4 79 6 20 1 37 9 13 
1 21 8 96 3 11 
