10 10
3 5 4 3 
9 99 5 52 4 52 0 88 2 88 
7 78 5 12 3 53 8 26 
9 33 5 58 3 59 
4 5 4 4 4 
6 22 2 26 4 94 7 75 3 67 
5 55 1 53 3 54 8 33 
2 49 7 33 3 31 9 30 
5 59 3 30 2 31 6 53 
2 4 4 
1 40 7 57 9 51 6 47 
5 37 4 66 9 59 7 32 
3 4 4 3 
4 75 3 69 9 49 7 16 
1 58 7 96 4 60 8 99 
9 58 7 81 8 22 
4 3 4 3 5 
1 37 2 50 0 68 
0 99 9 35 5 22 4 40 
8 99 3 40 9 29 
1 95 5 18 6 84 4 22 0 77 
4 3 3 3 5 
1 53 5 56 4 79 
5 86 4 62 1 99 
5 15 1 39 4 42 
0 58 6 88 3 48 1 11 2 38 
3 4 5 5 
3 96 7 56 8 87 9 39 
2 47 7 52 5 21 8 26 4 67 
3 30 4 80 9 36 1 49 5 59 
2 5 4 
6 65 3 30 1 86 9 83 4 42 
8 44 9 69 5 26 1 87 
3 5 4 5 
4 37 2 26 6 11 1 25 8 75 
5 74 7 13 4 63 9 33 
2 60 0 38 7 43 8 26 1 65 
4 5 4 3 3 
1 93 6 52 8 68 3 29 9 65 
1 40 0 29 3 82 8 47 
1 48 0 20 6 64 
7 70 1 88 4 43 
