10 10
2 5 5 
7 44 6 22 8 37 9 40 2 87 
8 81 7 47 9 19 4 82 6 16 
3 5 5 5 
7 26 2 28 5 76 8 58 6 39 
8 79 1 34 9 49 6 24 0 18 
1 58 2 46 9 63 6 23 7 94 
3 3 3 3 
6 93 2 81 5 77 
6 62 1 53 9 13 
7 60 2 69 9 50 
2 5 5 
5 47 8 79 2 63 3 35 0 16 
1 82 5 44 7 11 4 60 6 99 
3 5 4 4 
1 88 9 28 6 22 7 40 4 22 
4 21 8 26 6 74 2 73 
7 61 3 73 2 70 6 66 
3 4 4 3 
4 32 2 84 8 64 3 84 
6 38 7 14 9 38 3 90 
7 54 4 16 0 85 
4 4 3 5 5 
6 36 9 14 5 76 4 22 
8 89 0 81 7 68 
5 87 7 75 9 90 0 79 8 95 
8 39 4 49 0 52 2 18 7 31 
2 4 4 
5 18 8 61 7 95 9 41 
0 68 8 18 3 64 1 75 
2 5 5 
5 76 6 67 2 91 7 20 4 67 
8 86 6 42 5 31 4 27 7 47 
4 4 4 4 5 
2 48 5 58 1 54 0 20 
2 82 5 14 1 84 9 74 
5 51 3 20 2 92 1 29 
1 80 7 48 6 55 2 39 3 47 
