10 10
2 5 4 
1 81 4 60 9 60 8 75 7 34 
9 72 0 38 2 72 1 63 
3 5 3 3 
7 63 3 57 8 91 4 36 0 74 
5 97 7 63 6 76 
6 86 8 70 2 87 
4 3 4 3 5 
3 38 8 36 6 15 
9 84 5 15 0 92 6 48 
1 75 0 87 3 47 
1 53 2 29 7 17 3 56 8 93 
3 5 4 4 
2 77 8 67 0 58 1 86 5 46 
0 23 9 94 5 30 1 18 
0 43 3 81 4 96 1 39 
2 4 4 
8 77 9 62 2 51 1 15 
8 42 3 60 9 50 4 99 
4 3 5 5 4 
0 92 6 60 2 19 
9 39 5 45 7 51 0 95 6 73 
4 63 1 12 3 86 0 62 7 18 
4 21 0 88 8 14 3 28 
3 5 5 4 
4 69 7 56 0 69 2 54 9 24 
2 41 8 45 9 72 3 19 5 85 
8 35 5 98 4 66 3 87 
4 3 5 3 5 
2 98 5 46 9 79 
3 75 2 87 0 33 9 76 8 53 
9 50 7 14 1 39 
8 62 4 71 2 95 0 53 9 19 
2 5 4 
5 31 6 48 1 98 4 83 9 57 
6 95 1 42 0 14 4 60 
4 3 4 3 3 
3 46 8 23 2 73 
8 11 5 17 4 28 7 12 
8 81 5 56 0 59 
3 32 8 61 2 15 
